ID	CHOICE	TAXI_TT	TAXI_COST	TRANSIT_TT	av1	av2	av3
241	3	28.25	57.83	100.62	1	1	1
25	3	32.31	39.57	75.93	1	1	1
292	3	40	58.19	97.23	1	1	1
222	3	38.3	65.46	101.33	1	1	1
390	1	43.83	53.79	65.73	1	1	1
313	3	26	36.5	80.2	1	1	1
316	1	35.06	57.6	72.22	1	1	1
375	3	26.37	36.1	65.53	1	1	1
32	3	37.01	53.56	52.98	1	1	1
291	3	29.52	44.33	76.78	1	1	1
215	3	26.37	36.1	65.53	1	1	1
229	3	46.38	57.4	50.02	1	1	1
134	2	39.78	53.18	72.58	1	1	1
9	3	45.33	53.72	72.52	1	1	1
372	3	47.49	57.02	60.83	1	1	1
167	2	41.98	57.39	66.68	1	1	1
6	3	40.19	57.31	62.23	1	1	1
266	3	19.22	32.98	42.43	1	1	1
401	3	39.88	57.58	74.75	1	1	1
123	2	38.82	53.9	77.08	1	1	1
406	1	22.18	57.83	109.45	1	1	1
73	2	40.19	57.31	62.23	1	1	1
321	1	37.91	57.5	66.83	1	1	1
311	3	34.49	46.5	95.38	1	1	1
392	1	33.58	44.47	66.5	1	1	1
177	2	28.79	43.29	90.65	1	1	1
310	3	16.39	21.67	80	1	1	1
258	3	28.38	42.6	40.22	1	1	1
276	3	7.91	12.3	51.48	1	1	1
7	3	40.19	57.31	62.23	1	1	1
272	3	34.88	46.33	70.42	1	1	1
332	1	41.44	55.56	56.42	1	1	1
64	2	47.49	57.02	60.83	1	1	1
17	3	37.61	50.66	55.13	1	1	1
132	2	38.81	61.36	99.77	1	1	1
102	2	37.61	50.66	55.13	1	1	1
359	1	38.7	57.95	81	1	1	1
201	3	47.88	56.07	58.08	1	1	1
214	3	45.33	53.72	72.52	1	1	1
8	3	48.21	56.38	74.53	1	1	1
97	2	37.91	57.5	66.83	1	1	1
23	3	33.02	43.99	64.75	1	1	1
153	2	39.09	50.48	76.72	1	1	1
242	3	20.37	46.14	54.23	1	1	1
110	2	29.35	57.71	96	1	1	1
79	2	48.21	56.38	74.53	1	1	1
331	1	34.88	46.33	70.42	1	1	1
104	2	42.8	56.18	70.38	1	1	1
408	1	12.87	19.88	61.18	1	1	1
208	3	28.72	38.71	64.05	1	1	1
159	2	34.88	46.33	70.42	1	1	1
199	3	47.26	53.48	72.18	1	1	1
78	2	48.21	56.38	74.53	1	1	1
209	3	47.49	57.02	60.83	1	1	1
322	1	37.91	57.5	66.83	1	1	1
261	3	29.62	35.5	68.5	1	1	1
121	2	46.38	57.4	50.02	1	1	1
1	3	47.88	56.07	58.08	1	1	1
335	3	36.45	58.58	97.67	1	1	1
149	2	45.88	54.77	76.17	1	1	1
299	3	42.61	57.57	76.6	1	1	1
70	2	40.19	57.31	62.23	1	1	1
35	3	39.74	56.87	68.62	1	1	1
197	3	29.35	57.71	96	1	1	1
326	1	36.83	57.4	69.77	1	1	1
145	2	25.56	44.46	43.87	1	1	1
273	3	38.74	61.22	70.82	1	1	1
75	2	48.21	56.38	74.53	1	1	1
376	3	45.23	57.35	75.12	1	1	1
138	2	39.74	56.87	68.62	1	1	1
130	2	20.37	46.14	54.23	1	1	1
353	1	33.2	57.83	96.25	1	1	1
319	1	45.33	53.72	72.52	1	1	1
84	2	26.37	36.1	65.53	1	1	1
24	3	33.58	44.47	66.5	1	1	1
72	2	40.19	57.31	62.23	1	1	1
397	3	14.13	19.63	42.4	1	1	1
212	3	16.15	23.29	38.62	1	1	1
100	2	37.61	50.66	55.13	1	1	1
328	1	25.56	44.46	43.87	1	1	1
235	3	33.58	44.47	66.5	1	1	1
129	2	23.01	31.6	50.53	1	1	1
382	3	26.37	36.1	65.53	1	1	1
268	3	26.6	54.91	90.98	1	1	1
393	1	39.78	53.18	72.58	1	1	1
308	3	22.67	36.02	93.12	1	1	1
106	2	25.6	40.66	73.22	1	1	1
306	3	65.86	48.44	89.73	1	1	1
131	2	31.08	58.75	87.9	1	1	1
194	3	40.97	55.99	53.68	1	1	1
333	3	9.98	37.19	31.47	1	1	1
250	3	25.86	33.67	67.32	1	1	1
11	3	45.33	53.72	72.52	1	1	1
260	3	32.89	52.42	93.37	1	1	1
66	2	47.49	57.02	60.83	1	1	1
402	3	38.81	61.36	99.77	1	1	1
368	1	34.88	46.33	70.42	1	1	1
352	1	35.06	57.6	72.22	1	1	1
16	3	37.61	50.66	55.13	1	1	1
298	3	27.62	51.9	98.68	1	1	1
277	3	43.95	57.57	93.77	1	1	1
342	3	42.83	57.37	67.88	1	1	1
196	3	46.91	57.2	65.05	1	1	1
19	3	42.8	56.18	70.38	1	1	1
42	3	17.11	24.42	38.32	1	1	1
57	3	38.9	57.59	79.63	1	1	1
391	1	46.38	57.4	50.02	1	1	1
58	2	47.88	56.07	58.08	1	1	1
91	2	26.37	36.1	65.53	1	1	1
151	2	39.65	57.69	83.62	1	1	1
15	3	24.58	41.11	58.77	1	1	1
181	2	39.12	57.38	63.85	1	1	1
87	2	26.37	36.1	65.53	1	1	1
350	1	36.45	58.58	97.67	1	1	1
205	3	47.88	56.07	58.08	1	1	1
263	3	22.18	57.83	109.45	1	1	1
119	2	46.38	57.4	50.02	1	1	1
172	2	37.25	57.83	89.02	1	1	1
379	3	40.19	57.31	62.23	1	1	1
399	3	39.88	57.58	74.75	1	1	1
54	3	28.79	43.29	90.65	1	1	1
128	2	23.01	31.6	50.53	1	1	1
374	3	40.19	57.31	62.23	1	1	1
49	3	7.91	12.3	51.48	1	1	1
47	3	38.74	61.22	70.82	1	1	1
284	3	51	84.58	127.95	1	1	1
233	3	14.27	29.5	69.72	1	1	1
92	2	26.37	36.1	65.53	1	1	1
140	2	36.64	57.92	78.7	1	1	1
407	1	29.52	44.33	76.78	1	1	1
113	2	39.88	57.58	74.75	1	1	1
247	3	16.59	27.75	71.28	1	1	1
191	3	48.21	56.38	74.53	1	1	1
347	3	14.44	28.35	42.67	1	1	1
143	2	42.83	57.37	67.88	1	1	1
223	3	33.84	57.53	73.08	1	1	1
125	2	45.64	54.32	70.65	1	1	1
202	3	42.8	56.18	70.38	1	1	1
76	2	48.21	56.38	74.53	1	1	1
155	2	32.89	50.44	53.97	1	1	1
339	3	37.28	57.74	77.38	1	1	1
98	2	24.58	41.11	58.77	1	1	1
340	3	38.82	53.9	77.08	1	1	1
220	3	38.3	65.46	101.33	1	1	1
211	3	16.15	23.29	38.62	1	1	1
185	2	38.98	67.33	97.08	1	1	1
269	3	32.79	65.5	93.58	1	1	1
63	2	47.49	57.02	60.83	1	1	1
103	2	42.8	56.18	70.38	1	1	1
236	3	33.58	44.47	66.5	1	1	1
344	3	38.74	61.22	70.82	1	1	1
27	3	47.26	53.48	72.18	1	1	1
40	3	45.88	54.77	76.17	1	1	1
396	3	42.8	56.18	70.38	1	1	1
237	3	32.31	39.57	75.93	1	1	1
115	2	37.28	57.74	77.38	1	1	1
51	3	28.68	40.96	69.83	1	1	1
370	1	38.74	61.22	70.82	1	1	1
364	1	38.82	53.9	77.08	1	1	1
304	3	30.5	59.33	90.55	1	1	1
253	3	36.64	57.92	78.7	1	1	1
288	3	20.61	42.56	51.68	1	1	1
176	2	27.48	43.04	59.98	1	1	1
280	3	28.68	40.96	69.83	1	1	1
317	1	47.49	57.02	60.83	1	1	1
147	2	34.47	48.58	78.98	1	1	1
170	2	31.67	45.36	64.22	1	1	1
218	3	37.61	50.66	55.13	1	1	1
295	3	30.5	47.7	52.38	1	1	1
69	2	34.71	46.63	67.52	1	1	1
43	3	17.11	24.42	38.32	1	1	1
365	1	45.64	54.32	70.65	1	1	1
388	3	26.37	36.1	65.53	1	1	1
33	3	37.01	53.56	52.98	1	1	1
216	3	26.37	36.1	65.53	1	1	1
341	3	42.83	57.37	67.88	1	1	1
409	3	25.56	44.46	43.87	1	1	1
93	2	26.37	36.1	65.53	1	1	1
53	3	24.2	33.98	61.23	1	1	1
173	2	31.26	57.55	82.73	1	1	1
371	1	17.05	42.93	39.83	1	1	1
139	2	36.64	57.92	78.7	1	1	1
29	3	28.17	37.41	60.3	1	1	1
405	1	20.37	46.14	54.23	1	1	1
320	1	40.97	55.99	53.68	1	1	1
157	2	32.89	50.44	53.97	1	1	1
89	2	26.37	36.1	65.53	1	1	1
81	2	16.15	23.29	38.62	1	1	1
384	3	26.37	36.1	65.53	1	1	1
161	2	29.15	43.22	55.22	1	1	1
270	3	32.79	65.5	93.58	1	1	1
12	3	26.37	36.1	65.53	1	1	1
50	3	31.18	44.5	71.78	1	1	1
227	3	37.28	57.74	77.38	1	1	1
190	3	35.06	57.6	72.22	1	1	1
217	3	11.39	31.26	35.15	1	1	1
118	2	46.38	57.4	50.02	1	1	1
400	3	39.88	57.58	74.75	1	1	1
105	2	42.8	56.18	70.38	1	1	1
168	2	41.98	57.39	66.68	1	1	1
403	3	33.58	44.47	66.5	1	1	1
189	3	47.88	56.07	58.08	1	1	1
264	3	39.65	57.69	83.62	1	1	1
135	2	32.39	57.27	83.83	1	1	1
150	2	39.65	57.69	83.62	1	1	1
116	2	46.38	57.4	50.02	1	1	1
297	3	27.47	36	71.72	1	1	1
136	2	32.39	57.27	83.83	1	1	1
301	3	12.87	19.88	61.18	1	1	1
120	2	46.38	57.4	50.02	1	1	1
74	2	33.2	57.83	96.25	1	1	1
404	1	23.01	31.6	50.53	1	1	1
186	2	16.87	31.54	39.6	1	1	1
127	2	28.17	37.41	60.3	1	1	1
44	3	39.09	50.48	76.72	1	1	1
245	3	39.78	53.18	72.58	1	1	1
267	3	19.22	32.98	42.43	1	1	1
346	3	14.44	28.35	42.67	1	1	1
294	3	17.89	37.85	43.88	1	1	1
246	3	16.59	27.75	71.28	1	1	1
228	3	46.38	57.4	50.02	1	1	1
68	2	35.34	51.84	55.02	1	1	1
296	3	18.3	37.41	40.57	1	1	1
243	3	49.68	55.74	72.33	1	1	1
95	2	40.97	55.99	53.68	1	1	1
183	2	34.49	46.5	95.38	1	1	1
188	2	29.66	45.75	106.52	1	1	1
224	3	29.35	57.71	96	1	1	1
10	3	45.33	53.72	72.52	1	1	1
337	3	33.2	57.83	96.25	1	1	1
90	2	26.37	36.1	65.53	1	1	1
238	3	32.31	39.57	75.93	1	1	1
315	1	35.06	57.6	72.22	1	1	1
193	3	40.97	55.99	53.68	1	1	1
274	3	15.18	33.46	71.62	1	1	1
65	2	47.49	57.02	60.83	1	1	1
52	3	37.96	57.18	67.43	1	1	1
71	2	40.19	57.31	62.23	1	1	1
142	2	36.83	57.4	69.77	1	1	1
300	3	12.87	19.88	61.18	1	1	1
255	3	34.47	48.58	78.98	1	1	1
285	3	37.2	46.17	51.08	1	1	1
327	1	36.83	57.4	69.77	1	1	1
175	2	27.48	43.04	59.98	1	1	1
94	2	26.37	36.1	65.53	1	1	1
137	2	16.59	27.75	71.28	1	1	1
141	2	36.83	57.4	69.77	1	1	1
204	3	34.49	46.5	95.38	1	1	1
96	2	37.91	57.5	66.83	1	1	1
361	1	28.77	37.44	43.25	1	1	1
293	3	40	58.19	97.23	1	1	1
219	3	37.61	50.66	55.13	1	1	1
221	3	38.3	65.46	101.33	1	1	1
275	3	7.91	12.3	51.48	1	1	1
122	2	38.82	53.9	77.08	1	1	1
349	3	34.49	46.5	95.38	1	1	1
360	1	39.88	57.58	74.75	1	1	1
210	3	16.15	23.29	38.62	1	1	1
111	2	39.88	57.58	74.75	1	1	1
303	3	26.1	41.6	73.55	1	1	1
244	3	38.81	61.36	99.77	1	1	1
318	1	47.17	53.77	63.78	1	1	1
240	3	23.01	31.6	50.53	1	1	1
395	3	37.91	57.5	66.83	1	1	1
174	2	18.3	37.41	40.57	1	1	1
83	2	45.33	53.72	72.52	1	1	1
45	3	39.09	50.48	76.72	1	1	1
2	3	35.06	57.6	72.22	1	1	1
257	3	34.47	48.58	78.98	1	1	1
109	2	46.91	57.2	65.05	1	1	1
345	3	14.44	28.35	42.67	1	1	1
182	2	37.34	59.8	88	1	1	1
37	3	36.83	57.4	69.77	1	1	1
389	1	45.23	57.35	75.12	1	1	1
381	3	7.91	12.3	51.48	1	1	1
126	2	47.26	53.48	72.18	1	1	1
112	2	39.88	57.58	74.75	1	1	1
14	3	49.08	54.5	71.12	1	1	1
180	2	42.61	57.57	76.6	1	1	1
411	3	19.29	30.5	59.12	1	1	1
36	3	36.64	57.92	78.7	1	1	1
67	2	47.49	57.02	60.83	1	1	1
380	3	40.19	57.31	62.23	1	1	1
82	2	16.15	23.29	38.62	1	1	1
343	3	34.88	46.33	70.42	1	1	1
31	3	16.59	27.75	71.28	1	1	1
231	3	38.82	53.9	77.08	1	1	1
290	3	29.52	44.33	76.78	1	1	1
198	3	46.38	57.4	50.02	1	1	1
200	3	49.68	55.74	72.33	1	1	1
378	3	46.38	57.4	50.02	1	1	1
394	1	41.98	57.39	66.68	1	1	1
207	3	28.72	38.71	64.05	1	1	1
154	2	32.79	65.5	93.58	1	1	1
184	2	42.13	60.75	73.55	1	1	1
312	3	26	36.5	80.2	1	1	1
192	3	26.37	36.1	65.53	1	1	1
77	2	48.21	56.38	74.53	1	1	1
187	2	29.66	45.75	106.52	1	1	1
252	3	25.86	33.67	67.32	1	1	1
3	3	35.06	57.6	72.22	1	1	1
146	2	40.13	55.34	78.9	1	1	1
34	3	39.74	56.87	68.62	1	1	1
232	3	38.82	53.9	77.08	1	1	1
330	1	32.89	50.44	53.97	1	1	1
226	3	37.28	57.74	77.38	1	1	1
289	3	20.61	42.56	51.68	1	1	1
366	1	39.78	53.18	72.58	1	1	1
179	2	42.61	57.57	76.6	1	1	1
357	1	42.8	56.18	70.38	1	1	1
99	2	24.58	41.11	58.77	1	1	1
