ID	CHOICE	TAXI_TT	TAXI_COST	TRANSIT_TT	TRANSIT_COST	FREE_COST	av1	av2	av3	av4
0	1	47.88	66.70	58.08	7.75	0	1	1	1	0
1	1	47.88	66.70	58.08	7.75	0	1	1	1	0
2	1	47.88	66.70	58.08	7.75	0	1	1	1	0
3	1	47.88	66.70	58.08	7.75	0	1	1	1	0
4	1	47.88	66.70	58.08	7.75	0	1	1	1	0
5	1	47.88	66.70	58.08	7.75	0	1	1	1	0
6	1	47.88	66.70	58.08	7.75	0	1	1	1	0
7	1	9.98	44.24	31.47	7.75	0	1	1	1	0
8	1	35.06	68.52	72.22	7.75	0	1	1	1	0
9	1	35.06	68.52	72.22	7.75	0	1	1	1	0
10	1	35.06	68.52	72.22	7.75	0	1	1	1	0
11	1	28.72	46.05	64.05	7.75	0	1	1	1	0
12	1	47.49	67.83	60.83	7.75	0	1	1	1	0
13	1	47.49	67.83	60.83	7.75	0	1	1	1	0
14	1	47.49	67.83	60.83	7.75	0	1	1	1	0
15	1	47.49	67.83	60.83	7.75	0	1	1	1	0
16	1	47.49	67.83	60.83	7.75	0	1	1	1	0
17	1	47.49	67.83	60.83	7.75	0	1	1	1	0
18	1	47.49	67.83	60.83	7.75	0	1	1	1	0
19	1	35.34	61.67	55.02	7.75	0	1	1	1	0
20	1	35.34	61.67	55.02	7.75	0	1	1	1	0
21	1	35.34	61.67	55.02	7.75	0	1	1	1	0
22	1	40.19	68.18	62.23	7.75	0	1	1	1	0
23	1	40.19	68.18	62.23	7.75	0	1	1	1	0
24	1	48.21	67.07	74.53	7.75	0	1	1	1	0
25	1	45.33	63.91	72.52	7.75	0	1	1	1	0
26	1	45.33	63.91	72.52	7.75	0	1	1	1	0
27	1	45.33	63.91	72.52	7.75	0	1	1	1	0
28	1	45.33	63.91	72.52	7.75	0	1	1	1	0
29	1	26.37	42.95	65.53	7.75	0	1	1	1	0
30	1	45.23	68.22	75.12	7.75	0	1	1	1	0
31	1	45.23	68.22	75.12	7.75	0	1	1	1	0
32	1	45.23	68.22	75.12	7.75	0	1	1	1	0
33	1	45.23	68.22	75.12	7.75	0	1	1	1	0
34	1	45.23	68.22	75.12	7.75	0	1	1	1	0
35	1	45.23	68.22	75.12	7.75	0	1	1	1	0
36	1	45.23	68.22	75.12	7.75	0	1	1	1	0
37	1	40.97	66.61	53.68	7.75	0	1	1	1	0
38	1	40.97	66.61	53.68	7.75	0	1	1	1	0
39	1	40.97	66.61	53.68	7.75	0	1	1	1	0
40	1	37.91	68.40	66.83	7.75	0	1	1	1	0
41	1	37.91	68.40	66.83	7.75	0	1	1	1	0
42	1	37.91	68.40	66.83	7.75	0	1	1	1	0
43	1	37.91	68.40	66.83	7.75	0	1	1	1	0
44	1	37.91	68.40	66.83	7.75	0	1	1	1	0
45	1	49.08	64.83	71.12	7.75	0	1	1	1	0
46	1	24.58	48.90	58.77	7.75	0	1	1	1	0
47	1	37.61	60.26	55.13	7.75	0	1	1	1	0
48	1	37.61	60.26	55.13	7.75	0	1	1	1	0
49	1	37.61	60.26	55.13	7.75	0	1	1	1	0
50	1	37.61	60.26	55.13	7.75	0	1	1	1	0
51	1	42.80	66.83	70.38	7.75	0	1	1	1	0
52	1	42.80	66.83	70.38	7.75	0	1	1	1	0
53	1	42.80	66.83	70.38	7.75	0	1	1	1	0
54	1	42.80	66.83	70.38	7.75	0	1	1	1	0
55	1	42.80	66.83	70.38	7.75	0	1	1	1	0
56	1	42.80	66.83	70.38	7.75	0	1	1	1	0
57	1	42.80	66.83	70.38	7.75	0	1	1	1	0
58	1	33.84	68.44	73.08	7.75	0	1	1	1	0
59	1	33.84	68.44	73.08	7.75	0	1	1	1	0
60	1	33.84	68.44	73.08	7.75	0	1	1	1	0
61	1	33.84	68.44	73.08	7.75	0	1	1	1	0
62	1	46.91	68.04	65.05	7.75	0	1	1	1	0
63	1	46.91	68.04	65.05	7.75	0	1	1	1	0
64	1	38.70	68.94	81.00	7.75	0	1	1	1	0
65	1	38.70	68.94	81.00	7.75	0	1	1	1	0
66	1	29.35	68.65	96.00	7.75	0	1	1	1	0
67	1	39.88	68.49	74.75	7.75	0	1	1	1	0
68	1	39.88	68.49	74.75	7.75	0	1	1	1	0
69	1	39.88	68.49	74.75	7.75	0	1	1	1	0
70	1	39.88	68.49	74.75	7.75	0	1	1	1	0
71	1	37.28	68.68	77.38	7.75	0	1	1	1	0
72	1	33.02	52.32	64.75	7.75	0	1	1	1	0
73	1	46.38	68.28	50.02	7.75	0	1	1	1	0
74	1	46.38	68.28	50.02	7.75	0	1	1	1	0
75	1	46.38	68.28	50.02	7.75	0	1	1	1	0
76	1	38.82	64.11	77.08	7.75	0	1	1	1	0
77	1	33.58	52.90	66.50	7.75	0	1	1	1	0
78	1	32.31	47.07	75.93	7.75	0	1	1	1	0
79	1	32.31	47.07	75.93	7.75	0	1	1	1	0
80	1	47.26	63.62	72.18	7.75	0	1	1	1	0
81	1	47.26	63.62	72.18	7.75	0	1	1	1	0
82	1	47.26	63.62	72.18	7.75	0	1	1	1	0
83	1	28.17	44.51	60.30	7.75	0	1	1	1	0
84	1	28.17	44.51	60.30	7.75	0	1	1	1	0
85	1	23.01	37.59	50.53	7.75	0	1	1	1	0
86	1	28.25	68.79	100.62	7.75	0	1	1	1	0
87	1	31.08	69.88	87.90	7.75	0	1	1	1	0
88	1	39.78	63.26	72.58	7.75	0	1	1	1	0
89	1	16.59	33.01	71.28	7.75	0	1	1	1	0
90	1	37.01	63.72	52.98	7.75	0	1	1	1	0
91	1	37.01	63.72	52.98	7.75	0	1	1	1	0
92	1	25.86	40.05	67.32	7.75	0	1	1	1	0
93	1	39.74	67.65	68.62	7.75	0	1	1	1	0
94	1	39.74	67.65	68.62	7.75	0	1	1	1	0
95	1	39.74	67.65	68.62	7.75	0	1	1	1	0
96	1	39.74	67.65	68.62	7.75	0	1	1	1	0
97	1	39.74	67.65	68.62	7.75	0	1	1	1	0
98	1	39.74	67.65	68.62	7.75	0	1	1	1	0
99	1	36.64	68.89	78.70	7.75	0	1	1	1	0
100	1	36.64	68.89	78.70	7.75	0	1	1	1	0
101	1	36.64	68.89	78.70	7.75	0	1	1	1	0
102	1	36.83	68.28	69.77	7.75	0	1	1	1	0
103	1	36.83	68.28	69.77	7.75	0	1	1	1	0
104	1	36.83	68.28	69.77	7.75	0	1	1	1	0
105	1	36.83	68.28	69.77	7.75	0	1	1	1	0
106	1	25.56	52.88	43.87	7.75	0	1	1	1	0
107	1	25.56	52.88	43.87	7.75	0	1	1	1	0
108	1	40.13	65.83	78.90	7.75	0	1	1	1	0
109	1	40.13	65.83	78.90	7.75	0	1	1	1	0
110	1	45.88	65.15	76.17	7.75	0	1	1	1	0
111	1	45.88	65.15	76.17	7.75	0	1	1	1	0
112	1	45.00	68.32	54.67	7.75	0	1	1	1	0
113	1	45.00	68.32	54.67	7.75	0	1	1	1	0
114	1	45.00	68.32	54.67	7.75	0	1	1	1	0
115	1	17.11	29.05	38.32	7.75	0	1	1	1	0
116	1	17.11	29.05	38.32	7.75	0	1	1	1	0
117	1	17.11	29.05	38.32	7.75	0	1	1	1	0
118	1	39.09	60.05	76.72	7.75	0	1	1	1	0
119	1	39.09	60.05	76.72	7.75	0	1	1	1	0
120	1	39.09	60.05	76.72	7.75	0	1	1	1	0
121	1	39.09	60.05	76.72	7.75	0	1	1	1	0
122	1	39.09	60.05	76.72	7.75	0	1	1	1	0
123	1	39.09	60.05	76.72	7.75	0	1	1	1	0
124	1	39.09	60.05	76.72	7.75	0	1	1	1	0
125	1	39.09	60.05	76.72	7.75	0	1	1	1	0
126	1	39.09	60.05	76.72	7.75	0	1	1	1	0
127	1	39.09	60.05	76.72	7.75	0	1	1	1	0
128	1	32.79	77.91	93.58	7.75	0	1	1	1	0
129	1	34.88	55.12	70.42	7.75	0	1	1	1	0
130	1	34.88	55.12	70.42	7.75	0	1	1	1	0
131	1	34.88	55.12	70.42	7.75	0	1	1	1	0
132	1	38.74	72.83	70.82	7.75	0	1	1	1	0
133	1	38.74	72.83	70.82	7.75	0	1	1	1	0
134	1	29.15	51.41	55.22	7.75	0	1	1	1	0
135	1	7.91	14.63	51.48	7.75	0	1	1	1	0
136	1	31.18	52.94	71.78	7.75	0	1	1	1	0
137	1	28.68	48.72	69.83	7.75	0	1	1	1	0
138	1	41.98	68.27	66.68	7.75	0	1	1	1	0
139	1	28.16	43.62	68.22	7.75	0	1	1	1	0
140	1	51.00	100.61	127.95	7.75	0	1	1	1	0
141	1	37.20	54.92	51.08	7.75	0	1	1	1	0
142	1	14.44	33.72	42.67	7.75	0	1	1	1	0
143	1	37.25	68.79	89.02	7.75	0	1	1	1	0
144	1	31.26	68.46	82.73	7.75	0	1	1	1	0
145	1	37.96	68.02	67.43	7.75	0	1	1	1	0
146	1	24.20	40.42	61.23	7.75	0	1	1	1	0
147	1	27.48	51.20	59.98	7.75	0	1	1	1	0
148	1	27.48	51.20	59.98	7.75	0	1	1	1	0
149	1	28.79	51.50	90.65	7.75	0	1	1	1	0
150	1	28.79	51.50	90.65	7.75	0	1	1	1	0
151	1	42.61	68.48	76.60	7.75	0	1	1	1	0
152	1	42.61	68.48	76.60	7.75	0	1	1	1	0
153	1	42.61	68.48	76.60	7.75	0	1	1	1	0
154	1	42.61	68.48	76.60	7.75	0	1	1	1	0
155	1	26.10	49.49	73.55	7.75	0	1	1	1	0
156	1	41.44	66.10	56.42	7.75	0	1	1	1	0
157	1	22.67	42.85	93.12	7.75	0	1	1	1	0
158	1	29.47	65.49	75.37	7.75	0	1	1	1	0
159	1	38.90	68.51	79.63	7.75	0	1	1	1	0
160	1	38.90	68.51	79.63	7.75	0	1	1	1	0
161	1	38.90	68.51	79.63	7.75	0	1	1	1	0
162	1	38.90	68.51	79.63	7.75	0	1	1	1	0
163	1	42.13	72.27	73.55	7.75	0	1	1	1	0
164	1	30.28	71.11	108.03	7.75	0	1	1	1	0
165	1	34.43	68.14	82.12	7.75	0	1	1	1	0
166	1	53.98	64.68	73.90	7.75	0	1	1	1	0
167	1	47.88	66.70	58.08	7.75	0	1	1	1	0
168	1	47.88	66.70	58.08	7.75	0	1	1	1	0
169	1	47.88	66.70	58.08	7.75	0	1	1	1	0
170	1	47.88	66.70	58.08	7.75	0	1	1	1	0
171	1	47.88	66.70	58.08	7.75	0	1	1	1	0
172	1	47.88	66.70	58.08	7.75	0	1	1	1	0
173	1	47.88	66.70	58.08	7.75	0	1	1	1	0
174	1	47.88	66.70	58.08	7.75	0	1	1	1	0
175	1	47.88	66.70	58.08	7.75	0	1	1	1	0
176	1	47.88	66.70	58.08	7.75	0	1	1	1	0
177	1	47.88	66.70	58.08	7.75	0	1	1	1	0
178	1	9.98	44.24	31.47	7.75	0	1	1	1	0
179	1	35.06	68.52	72.22	7.75	0	1	1	1	0
180	1	35.06	68.52	72.22	7.75	0	1	1	1	0
181	1	35.06	68.52	72.22	7.75	0	1	1	1	0
182	1	35.06	68.52	72.22	7.75	0	1	1	1	0
183	1	35.06	68.52	72.22	7.75	0	1	1	1	0
184	1	35.06	68.52	72.22	7.75	0	1	1	1	0
185	1	28.72	46.05	64.05	7.75	0	1	1	1	0
186	1	28.72	46.05	64.05	7.75	0	1	1	1	0
187	1	47.49	67.83	60.83	7.75	0	1	1	1	0
188	1	47.49	67.83	60.83	7.75	0	1	1	1	0
189	1	47.49	67.83	60.83	7.75	0	1	1	1	0
190	1	47.49	67.83	60.83	7.75	0	1	1	1	0
191	1	47.49	67.83	60.83	7.75	0	1	1	1	0
192	1	47.49	67.83	60.83	7.75	0	1	1	1	0
193	1	47.49	67.83	60.83	7.75	0	1	1	1	0
194	1	47.49	67.83	60.83	7.75	0	1	1	1	0
195	1	47.17	63.97	63.78	7.75	0	1	1	1	0
196	1	35.34	61.67	55.02	7.75	0	1	1	1	0
197	1	35.34	61.67	55.02	7.75	0	1	1	1	0
198	1	35.34	61.67	55.02	7.75	0	1	1	1	0
199	1	34.71	55.47	67.52	7.75	0	1	1	1	0
200	1	40.19	68.18	62.23	7.75	0	1	1	1	0
201	1	40.19	68.18	62.23	7.75	0	1	1	1	0
202	1	40.19	68.18	62.23	7.75	0	1	1	1	0
203	1	40.19	68.18	62.23	7.75	0	1	1	1	0
204	1	40.19	68.18	62.23	7.75	0	1	1	1	0
205	1	40.19	68.18	62.23	7.75	0	1	1	1	0
206	1	40.19	68.18	62.23	7.75	0	1	1	1	0
207	1	33.20	68.79	96.25	7.75	0	1	1	1	0
208	1	48.21	67.07	74.53	7.75	0	1	1	1	0
209	1	48.21	67.07	74.53	7.75	0	1	1	1	0
210	1	48.21	67.07	74.53	7.75	0	1	1	1	0
211	1	48.21	67.07	74.53	7.75	0	1	1	1	0
212	1	48.21	67.07	74.53	7.75	0	1	1	1	0
213	1	48.21	67.07	74.53	7.75	0	1	1	1	0
214	1	48.21	67.07	74.53	7.75	0	1	1	1	0
215	1	48.21	67.07	74.53	7.75	0	1	1	1	0
216	1	48.21	67.07	74.53	7.75	0	1	1	1	0
217	1	48.21	67.07	74.53	7.75	0	1	1	1	0
218	1	48.21	67.07	74.53	7.75	0	1	1	1	0
219	1	16.15	27.71	38.62	7.75	0	1	1	1	0
220	1	16.15	27.71	38.62	7.75	0	1	1	1	0
221	1	16.15	27.71	38.62	7.75	0	1	1	1	0
222	1	16.15	27.71	38.62	7.75	0	1	1	1	0
223	1	16.15	27.71	38.62	7.75	0	1	1	1	0
224	1	16.15	27.71	38.62	7.75	0	1	1	1	0
225	1	45.33	63.91	72.52	7.75	0	1	1	1	0
226	1	45.33	63.91	72.52	7.75	0	1	1	1	0
227	1	45.33	63.91	72.52	7.75	0	1	1	1	0
228	1	26.37	42.95	65.53	7.75	0	1	1	1	0
229	1	26.37	42.95	65.53	7.75	0	1	1	1	0
230	1	26.37	42.95	65.53	7.75	0	1	1	1	0
231	1	26.37	42.95	65.53	7.75	0	1	1	1	0
232	1	26.37	42.95	65.53	7.75	0	1	1	1	0
233	1	26.37	42.95	65.53	7.75	0	1	1	1	0
234	1	26.37	42.95	65.53	7.75	0	1	1	1	0
235	1	26.37	42.95	65.53	7.75	0	1	1	1	0
236	1	26.37	42.95	65.53	7.75	0	1	1	1	0
237	1	26.37	42.95	65.53	7.75	0	1	1	1	0
238	1	26.37	42.95	65.53	7.75	0	1	1	1	0
239	1	45.23	68.22	75.12	7.75	0	1	1	1	0
240	1	45.23	68.22	75.12	7.75	0	1	1	1	0
241	1	40.97	66.61	53.68	7.75	0	1	1	1	0
242	1	40.97	66.61	53.68	7.75	0	1	1	1	0
243	1	40.97	66.61	53.68	7.75	0	1	1	1	0
244	1	40.97	66.61	53.68	7.75	0	1	1	1	0
245	1	40.97	66.61	53.68	7.75	0	1	1	1	0
246	1	40.97	66.61	53.68	7.75	0	1	1	1	0
247	1	40.97	66.61	53.68	7.75	0	1	1	1	0
248	1	37.91	68.40	66.83	7.75	0	1	1	1	0
249	1	37.91	68.40	66.83	7.75	0	1	1	1	0
250	1	37.91	68.40	66.83	7.75	0	1	1	1	0
251	1	37.91	68.40	66.83	7.75	0	1	1	1	0
252	1	37.91	68.40	66.83	7.75	0	1	1	1	0
253	1	37.91	68.40	66.83	7.75	0	1	1	1	0
254	1	37.91	68.40	66.83	7.75	0	1	1	1	0
255	1	37.91	68.40	66.83	7.75	0	1	1	1	0
256	1	37.91	68.40	66.83	7.75	0	1	1	1	0
257	1	37.91	68.40	66.83	7.75	0	1	1	1	0
258	1	37.91	68.40	66.83	7.75	0	1	1	1	0
259	1	37.91	68.40	66.83	7.75	0	1	1	1	0
260	1	37.91	68.40	66.83	7.75	0	1	1	1	0
261	1	37.91	68.40	66.83	7.75	0	1	1	1	0
262	1	37.91	68.40	66.83	7.75	0	1	1	1	0
263	1	37.91	68.40	66.83	7.75	0	1	1	1	0
264	1	37.91	68.40	66.83	7.75	0	1	1	1	0
265	1	37.91	68.40	66.83	7.75	0	1	1	1	0
266	1	37.91	68.40	66.83	7.75	0	1	1	1	0
267	1	37.91	68.40	66.83	7.75	0	1	1	1	0
268	1	43.83	63.99	65.73	7.75	0	1	1	1	0
269	1	43.83	63.99	65.73	7.75	0	1	1	1	0
270	1	43.83	63.99	65.73	7.75	0	1	1	1	0
271	1	43.83	63.99	65.73	7.75	0	1	1	1	0
272	1	43.83	63.99	65.73	7.75	0	1	1	1	0
273	1	49.08	64.83	71.12	7.75	0	1	1	1	0
274	1	49.08	64.83	71.12	7.75	0	1	1	1	0
275	1	49.08	64.83	71.12	7.75	0	1	1	1	0
276	1	11.39	37.19	35.15	7.75	0	1	1	1	0
277	1	24.58	48.90	58.77	7.75	0	1	1	1	0
278	1	24.58	48.90	58.77	7.75	0	1	1	1	0
279	1	37.61	60.26	55.13	7.75	0	1	1	1	0
280	1	37.61	60.26	55.13	7.75	0	1	1	1	0
281	1	37.61	60.26	55.13	7.75	0	1	1	1	0
282	1	37.61	60.26	55.13	7.75	0	1	1	1	0
283	1	37.61	60.26	55.13	7.75	0	1	1	1	0
284	1	37.61	60.26	55.13	7.75	0	1	1	1	0
285	1	37.61	60.26	55.13	7.75	0	1	1	1	0
286	1	37.61	60.26	55.13	7.75	0	1	1	1	0
287	1	37.61	60.26	55.13	7.75	0	1	1	1	0
288	1	42.80	66.83	70.38	7.75	0	1	1	1	0
289	1	42.80	66.83	70.38	7.75	0	1	1	1	0
290	1	42.80	66.83	70.38	7.75	0	1	1	1	0
291	1	42.80	66.83	70.38	7.75	0	1	1	1	0
292	1	42.80	66.83	70.38	7.75	0	1	1	1	0
293	1	42.80	66.83	70.38	7.75	0	1	1	1	0
294	1	42.80	66.83	70.38	7.75	0	1	1	1	0
295	1	42.80	66.83	70.38	7.75	0	1	1	1	0
296	1	42.80	66.83	70.38	7.75	0	1	1	1	0
297	1	25.60	48.37	73.22	7.75	0	1	1	1	0
298	1	25.60	48.37	73.22	7.75	0	1	1	1	0
299	1	25.60	48.37	73.22	7.75	0	1	1	1	0
300	1	29.51	65.62	92.75	7.75	0	1	1	1	0
301	1	38.30	77.86	101.33	7.75	0	1	1	1	0
302	1	33.84	68.44	73.08	7.75	0	1	1	1	0
303	1	33.84	68.44	73.08	7.75	0	1	1	1	0
304	1	33.84	68.44	73.08	7.75	0	1	1	1	0
305	1	33.84	68.44	73.08	7.75	0	1	1	1	0
306	1	33.84	68.44	73.08	7.75	0	1	1	1	0
307	1	33.84	68.44	73.08	7.75	0	1	1	1	0
308	1	33.84	68.44	73.08	7.75	0	1	1	1	0
309	1	33.84	68.44	73.08	7.75	0	1	1	1	0
310	1	33.84	68.44	73.08	7.75	0	1	1	1	0
311	1	33.84	68.44	73.08	7.75	0	1	1	1	0
312	1	46.91	68.04	65.05	7.75	0	1	1	1	0
313	1	46.91	68.04	65.05	7.75	0	1	1	1	0
314	1	46.91	68.04	65.05	7.75	0	1	1	1	0
315	1	46.91	68.04	65.05	7.75	0	1	1	1	0
316	1	46.91	68.04	65.05	7.75	0	1	1	1	0
317	1	46.91	68.04	65.05	7.75	0	1	1	1	0
318	1	46.91	68.04	65.05	7.75	0	1	1	1	0
319	1	46.91	68.04	65.05	7.75	0	1	1	1	0
320	1	46.91	68.04	65.05	7.75	0	1	1	1	0
321	1	46.91	68.04	65.05	7.75	0	1	1	1	0
322	1	29.35	68.65	96.00	7.75	0	1	1	1	0
323	1	29.35	68.65	96.00	7.75	0	1	1	1	0
324	1	29.35	68.65	96.00	7.75	0	1	1	1	0
325	1	29.35	68.65	96.00	7.75	0	1	1	1	0
326	1	29.35	68.65	96.00	7.75	0	1	1	1	0
327	1	29.35	68.65	96.00	7.75	0	1	1	1	0
328	1	29.35	68.65	96.00	7.75	0	1	1	1	0
329	1	29.35	68.65	96.00	7.75	0	1	1	1	0
330	1	39.88	68.49	74.75	7.75	0	1	1	1	0
331	1	39.88	68.49	74.75	7.75	0	1	1	1	0
332	1	39.88	68.49	74.75	7.75	0	1	1	1	0
333	1	39.88	68.49	74.75	7.75	0	1	1	1	0
334	1	39.88	68.49	74.75	7.75	0	1	1	1	0
335	1	39.88	68.49	74.75	7.75	0	1	1	1	0
336	1	39.88	68.49	74.75	7.75	0	1	1	1	0
337	1	39.88	68.49	74.75	7.75	0	1	1	1	0
338	1	39.88	68.49	74.75	7.75	0	1	1	1	0
339	1	39.88	68.49	74.75	7.75	0	1	1	1	0
340	1	39.88	68.49	74.75	7.75	0	1	1	1	0
341	1	39.88	68.49	74.75	7.75	0	1	1	1	0
342	1	39.88	68.49	74.75	7.75	0	1	1	1	0
343	1	39.88	68.49	74.75	7.75	0	1	1	1	0
344	1	28.77	44.54	43.25	7.75	0	1	1	1	0
345	1	28.77	44.54	43.25	7.75	0	1	1	1	0
346	1	37.28	68.68	77.38	7.75	0	1	1	1	0
347	1	37.28	68.68	77.38	7.75	0	1	1	1	0
348	1	37.28	68.68	77.38	7.75	0	1	1	1	0
349	1	46.38	68.28	50.02	7.75	0	1	1	1	0
350	1	46.38	68.28	50.02	7.75	0	1	1	1	0
351	1	46.38	68.28	50.02	7.75	0	1	1	1	0
352	1	46.38	68.28	50.02	7.75	0	1	1	1	0
353	1	46.38	68.28	50.02	7.75	0	1	1	1	0
354	1	46.38	68.28	50.02	7.75	0	1	1	1	0
355	1	46.38	68.28	50.02	7.75	0	1	1	1	0
356	1	46.38	68.28	50.02	7.75	0	1	1	1	0
357	1	46.38	68.28	50.02	7.75	0	1	1	1	0
358	1	46.38	68.28	50.02	7.75	0	1	1	1	0
359	1	46.38	68.28	50.02	7.75	0	1	1	1	0
360	1	46.38	68.28	50.02	7.75	0	1	1	1	0
361	1	46.38	68.28	50.02	7.75	0	1	1	1	0
362	1	46.38	68.28	50.02	7.75	0	1	1	1	0
363	1	38.82	64.11	77.08	7.75	0	1	1	1	0
364	1	38.82	64.11	77.08	7.75	0	1	1	1	0
365	1	38.82	64.11	77.08	7.75	0	1	1	1	0
366	1	14.27	35.09	69.72	7.75	0	1	1	1	0
367	1	45.64	64.62	70.65	7.75	0	1	1	1	0
368	1	45.64	64.62	70.65	7.75	0	1	1	1	0
369	1	45.64	64.62	70.65	7.75	0	1	1	1	0
370	1	32.31	47.07	75.93	7.75	0	1	1	1	0
371	1	47.26	63.62	72.18	7.75	0	1	1	1	0
372	1	47.26	63.62	72.18	7.75	0	1	1	1	0
373	1	47.26	63.62	72.18	7.75	0	1	1	1	0
374	1	47.26	63.62	72.18	7.75	0	1	1	1	0
375	1	47.26	63.62	72.18	7.75	0	1	1	1	0
376	1	47.26	63.62	72.18	7.75	0	1	1	1	0
377	1	47.26	63.62	72.18	7.75	0	1	1	1	0
378	1	28.17	44.51	60.30	7.75	0	1	1	1	0
379	1	23.01	37.59	50.53	7.75	0	1	1	1	0
380	1	23.01	37.59	50.53	7.75	0	1	1	1	0
381	1	23.01	37.59	50.53	7.75	0	1	1	1	0
382	1	20.37	54.89	54.23	7.75	0	1	1	1	0
383	1	31.08	69.88	87.90	7.75	0	1	1	1	0
384	1	31.08	69.88	87.90	7.75	0	1	1	1	0
385	1	31.08	69.88	87.90	7.75	0	1	1	1	0
386	1	49.68	66.30	72.33	7.75	0	1	1	1	0
387	1	49.68	66.30	72.33	7.75	0	1	1	1	0
388	1	49.68	66.30	72.33	7.75	0	1	1	1	0
389	1	49.68	66.30	72.33	7.75	0	1	1	1	0
390	1	38.81	73.00	99.77	7.75	0	1	1	1	0
391	1	38.81	73.00	99.77	7.75	0	1	1	1	0
392	1	39.78	63.26	72.58	7.75	0	1	1	1	0
393	1	39.78	63.26	72.58	7.75	0	1	1	1	0
394	1	39.78	63.26	72.58	7.75	0	1	1	1	0
395	1	39.78	63.26	72.58	7.75	0	1	1	1	0
396	1	39.78	63.26	72.58	7.75	0	1	1	1	0
397	1	39.78	63.26	72.58	7.75	0	1	1	1	0
398	1	32.39	68.13	83.83	7.75	0	1	1	1	0
399	1	32.39	68.13	83.83	7.75	0	1	1	1	0
400	1	32.39	68.13	83.83	7.75	0	1	1	1	0
401	1	32.39	68.13	83.83	7.75	0	1	1	1	0
402	1	32.39	68.13	83.83	7.75	0	1	1	1	0
403	1	32.39	68.13	83.83	7.75	0	1	1	1	0
404	1	32.39	68.13	83.83	7.75	0	1	1	1	0
405	1	32.39	68.13	83.83	7.75	0	1	1	1	0
406	1	16.59	33.01	71.28	7.75	0	1	1	1	0
407	1	37.01	63.72	52.98	7.75	0	1	1	1	0
408	1	25.86	40.05	67.32	7.75	0	1	1	1	0
409	1	25.86	40.05	67.32	7.75	0	1	1	1	0
410	1	25.86	40.05	67.32	7.75	0	1	1	1	0
411	1	39.74	67.65	68.62	7.75	0	1	1	1	0
412	1	39.74	67.65	68.62	7.75	0	1	1	1	0
413	1	39.74	67.65	68.62	7.75	0	1	1	1	0
414	1	36.64	68.89	78.70	7.75	0	1	1	1	0
415	1	36.64	68.89	78.70	7.75	0	1	1	1	0
416	1	36.64	68.89	78.70	7.75	0	1	1	1	0
417	1	36.83	68.28	69.77	7.75	0	1	1	1	0
418	1	36.83	68.28	69.77	7.75	0	1	1	1	0
419	1	36.83	68.28	69.77	7.75	0	1	1	1	0
420	1	36.83	68.28	69.77	7.75	0	1	1	1	0
421	1	36.83	68.28	69.77	7.75	0	1	1	1	0
422	1	36.83	68.28	69.77	7.75	0	1	1	1	0
423	1	36.83	68.28	69.77	7.75	0	1	1	1	0
424	1	36.83	68.28	69.77	7.75	0	1	1	1	0
425	1	42.83	68.24	67.88	7.75	0	1	1	1	0
426	1	42.83	68.24	67.88	7.75	0	1	1	1	0
427	1	42.83	68.24	67.88	7.75	0	1	1	1	0
428	1	25.56	52.88	43.87	7.75	0	1	1	1	0
429	1	40.13	65.83	78.90	7.75	0	1	1	1	0
430	1	40.13	65.83	78.90	7.75	0	1	1	1	0
431	1	40.13	65.83	78.90	7.75	0	1	1	1	0
432	1	40.13	65.83	78.90	7.75	0	1	1	1	0
433	1	40.13	65.83	78.90	7.75	0	1	1	1	0
434	1	34.47	57.79	78.98	7.75	0	1	1	1	0
435	1	34.47	57.79	78.98	7.75	0	1	1	1	0
436	1	28.38	50.67	40.22	7.75	0	1	1	1	0
437	1	28.38	50.67	40.22	7.75	0	1	1	1	0
438	1	45.88	65.15	76.17	7.75	0	1	1	1	0
439	1	45.88	65.15	76.17	7.75	0	1	1	1	0
440	1	45.00	68.32	54.67	7.75	0	1	1	1	0
441	1	45.00	68.32	54.67	7.75	0	1	1	1	0
442	1	45.00	68.32	54.67	7.75	0	1	1	1	0
443	1	39.65	68.63	83.62	7.75	0	1	1	1	0
444	1	39.65	68.63	83.62	7.75	0	1	1	1	0
445	1	17.11	29.05	38.32	7.75	0	1	1	1	0
446	1	17.11	29.05	38.32	7.75	0	1	1	1	0
447	1	17.11	29.05	38.32	7.75	0	1	1	1	0
448	1	17.11	29.05	38.32	7.75	0	1	1	1	0
449	1	17.11	29.05	38.32	7.75	0	1	1	1	0
450	1	19.22	39.23	42.43	7.75	0	1	1	1	0
451	1	19.22	39.23	42.43	7.75	0	1	1	1	0
452	1	19.22	39.23	42.43	7.75	0	1	1	1	0
453	1	26.60	65.32	90.98	7.75	0	1	1	1	0
454	1	39.09	60.05	76.72	7.75	0	1	1	1	0
455	1	39.09	60.05	76.72	7.75	0	1	1	1	0
456	1	39.09	60.05	76.72	7.75	0	1	1	1	0
457	1	39.09	60.05	76.72	7.75	0	1	1	1	0
458	1	32.79	77.91	93.58	7.75	0	1	1	1	0
459	1	32.79	77.91	93.58	7.75	0	1	1	1	0
460	1	32.79	77.91	93.58	7.75	0	1	1	1	0
461	1	32.89	60.00	53.97	7.75	0	1	1	1	0
462	1	32.89	60.00	53.97	7.75	0	1	1	1	0
463	1	32.89	60.00	53.97	7.75	0	1	1	1	0
464	1	32.89	60.00	53.97	7.75	0	1	1	1	0
465	1	32.89	60.00	53.97	7.75	0	1	1	1	0
466	1	32.89	60.00	53.97	7.75	0	1	1	1	0
467	1	49.15	67.33	78.60	7.75	0	1	1	1	0
468	1	34.88	55.12	70.42	7.75	0	1	1	1	0
469	1	38.74	72.83	70.82	7.75	0	1	1	1	0
470	1	38.74	72.83	70.82	7.75	0	1	1	1	0
471	1	29.15	51.41	55.22	7.75	0	1	1	1	0
472	1	29.15	51.41	55.22	7.75	0	1	1	1	0
473	1	7.91	14.63	51.48	7.75	0	1	1	1	0
474	1	7.91	14.63	51.48	7.75	0	1	1	1	0
475	1	7.91	14.63	51.48	7.75	0	1	1	1	0
476	1	7.91	14.63	51.48	7.75	0	1	1	1	0
477	1	7.91	14.63	51.48	7.75	0	1	1	1	0
478	1	7.91	14.63	51.48	7.75	0	1	1	1	0
479	1	43.95	68.48	93.77	7.75	0	1	1	1	0
480	1	43.95	68.48	93.77	7.75	0	1	1	1	0
481	1	31.18	52.94	71.78	7.75	0	1	1	1	0
482	1	29.23	63.64	97.67	7.75	0	1	1	1	0
483	1	29.23	63.64	97.67	7.75	0	1	1	1	0
484	1	14.13	23.35	42.40	7.75	0	1	1	1	0
485	1	41.98	68.27	66.68	7.75	0	1	1	1	0
486	1	41.98	68.27	66.68	7.75	0	1	1	1	0
487	1	41.98	68.27	66.68	7.75	0	1	1	1	0
488	1	41.98	68.27	66.68	7.75	0	1	1	1	0
489	1	41.98	68.27	66.68	7.75	0	1	1	1	0
490	1	41.98	68.27	66.68	7.75	0	1	1	1	0
491	1	41.98	68.27	66.68	7.75	0	1	1	1	0
492	1	41.98	68.27	66.68	7.75	0	1	1	1	0
493	1	24.25	52.04	82.90	7.75	0	1	1	1	0
494	1	28.16	43.62	68.22	7.75	0	1	1	1	0
495	1	28.16	43.62	68.22	7.75	0	1	1	1	0
496	1	28.16	43.62	68.22	7.75	0	1	1	1	0
497	1	37.20	54.92	51.08	7.75	0	1	1	1	0
498	1	37.20	54.92	51.08	7.75	0	1	1	1	0
499	1	37.20	54.92	51.08	7.75	0	1	1	1	0
500	1	31.67	53.96	64.22	7.75	0	1	1	1	0
501	1	14.44	33.72	42.67	7.75	0	1	1	1	0
502	1	14.44	33.72	42.67	7.75	0	1	1	1	0
503	1	14.44	33.72	42.67	7.75	0	1	1	1	0
504	1	37.25	68.79	89.02	7.75	0	1	1	1	0
505	1	37.25	68.79	89.02	7.75	0	1	1	1	0
506	1	31.26	68.46	82.73	7.75	0	1	1	1	0
507	1	31.26	68.46	82.73	7.75	0	1	1	1	0
508	1	31.26	68.46	82.73	7.75	0	1	1	1	0
509	1	20.61	50.63	51.68	7.75	0	1	1	1	0
510	1	37.96	68.02	67.43	7.75	0	1	1	1	0
511	1	37.96	68.02	67.43	7.75	0	1	1	1	0
512	1	37.96	68.02	67.43	7.75	0	1	1	1	0
513	1	37.96	68.02	67.43	7.75	0	1	1	1	0
514	1	18.30	44.50	40.57	7.75	0	1	1	1	0
515	1	27.47	42.82	71.72	7.75	0	1	1	1	0
516	1	27.48	51.20	59.98	7.75	0	1	1	1	0
517	1	27.48	51.20	59.98	7.75	0	1	1	1	0
518	1	28.79	51.50	90.65	7.75	0	1	1	1	0
519	1	28.79	51.50	90.65	7.75	0	1	1	1	0
520	1	28.79	51.50	90.65	7.75	0	1	1	1	0
521	1	28.79	51.50	90.65	7.75	0	1	1	1	0
522	1	22.04	36.76	53.08	7.75	0	1	1	1	0
523	1	27.62	61.74	98.68	7.75	0	1	1	1	0
524	1	42.61	68.48	76.60	7.75	0	1	1	1	0
525	1	42.61	68.48	76.60	7.75	0	1	1	1	0
526	1	42.61	68.48	76.60	7.75	0	1	1	1	0
527	1	42.61	68.48	76.60	7.75	0	1	1	1	0
528	1	42.61	68.48	76.60	7.75	0	1	1	1	0
529	1	42.61	68.48	76.60	7.75	0	1	1	1	0
530	1	42.61	68.48	76.60	7.75	0	1	1	1	0
531	1	42.61	68.48	76.60	7.75	0	1	1	1	0
532	1	42.61	68.48	76.60	7.75	0	1	1	1	0
533	1	42.61	68.48	76.60	7.75	0	1	1	1	0
534	1	42.61	68.48	76.60	7.75	0	1	1	1	0
535	1	12.87	23.64	61.18	7.75	0	1	1	1	0
536	1	39.12	68.25	63.85	7.75	0	1	1	1	0
537	1	26.10	49.49	73.55	7.75	0	1	1	1	0
538	1	26.10	49.49	73.55	7.75	0	1	1	1	0
539	1	37.34	71.14	88.00	7.75	0	1	1	1	0
540	1	37.34	71.14	88.00	7.75	0	1	1	1	0
541	1	30.50	70.58	90.55	7.75	0	1	1	1	0
542	1	22.67	42.85	93.12	7.75	0	1	1	1	0
543	1	22.67	42.85	93.12	7.75	0	1	1	1	0
544	1	22.67	42.85	93.12	7.75	0	1	1	1	0
545	1	22.67	42.85	93.12	7.75	0	1	1	1	0
546	1	29.47	65.49	75.37	7.75	0	1	1	1	0
547	1	16.39	25.77	99.99	7.75	0	1	1	1	0
548	1	38.90	68.51	79.63	7.75	0	1	1	1	0
549	1	38.90	68.51	79.63	7.75	0	1	1	1	0
550	1	34.49	55.31	95.38	7.75	0	1	1	1	0
551	1	34.49	55.31	95.38	7.75	0	1	1	1	0
552	1	42.13	72.27	73.55	7.75	0	1	1	1	0
553	1	38.98	80.09	97.08	7.75	0	1	1	1	0
554	1	38.98	80.09	97.08	7.75	0	1	1	1	0
555	1	16.87	37.52	39.60	7.75	0	1	1	1	0
556	1	29.66	54.42	106.52	7.75	0	1	1	1	0
557	1	29.66	54.42	106.52	7.75	0	1	1	1	0
558	1	23.75	52.83	58.77	7.75	0	1	1	1	0
559	1	24.69	44.12	75.77	7.75	0	1	1	1	0
560	1	24.69	44.12	75.77	7.75	0	1	1	1	0
561	1	48.94	65.77	72.72	7.75	0	1	1	1	0
562	1	32.39	48.52	62.28	7.75	0	1	1	1	0
563	1	32.39	48.52	62.28	7.75	0	1	1	1	0
564	1	32.39	48.52	62.28	7.75	0	1	1	1	0
565	1	32.39	48.52	62.28	7.75	0	1	1	1	0
566	1	21.43	45.36	39.30	7.75	0	1	1	1	0
567	1	27.50	49.27	56.28	7.75	0	1	1	1	0
568	1	30.28	71.11	108.03	7.75	0	1	1	1	0
569	1	30.70	52.62	58.47	7.75	0	1	1	1	0
570	1	13.97	30.76	37.17	7.75	0	1	1	1	0
571	1	31.22	67.21	85.97	7.75	0	1	1	1	0
572	1	48.75	65.56	76.07	7.75	0	1	1	1	0
573	1	53.98	64.68	73.90	7.75	0	1	1	1	0
574	3	47.88	66.70	58.08	7.75	0	1	1	1	0
575	3	35.06	68.52	72.22	7.75	0	1	1	1	0
576	3	48.21	67.07	74.53	7.75	0	1	1	1	0
577	3	26.37	42.95	65.53	7.75	0	1	1	1	0
578	3	40.97	66.61	53.68	7.75	0	1	1	1	0
579	3	40.97	66.61	53.68	7.75	0	1	1	1	0
580	3	40.97	66.61	53.68	7.75	0	1	1	1	0
581	3	46.91	68.04	65.05	7.75	0	1	1	1	0
582	3	29.35	68.65	96.00	7.75	0	1	1	1	0
583	3	46.38	68.28	50.02	7.75	0	1	1	1	0
584	3	47.26	63.62	72.18	7.75	0	1	1	1	0
585	3	49.68	66.30	72.33	7.75	0	1	1	1	0
586	3	47.88	66.70	58.08	7.75	0	1	1	1	0
587	3	42.80	66.83	70.38	7.75	0	1	1	1	0
588	3	33.84	68.44	73.08	7.75	0	1	1	1	0
589	3	46.38	68.28	50.02	7.75	0	1	1	1	0
590	3	38.82	64.11	77.08	7.75	0	1	1	1	0
591	3	38.81	73.00	99.77	7.75	0	1	1	1	0
592	3	17.11	29.05	38.32	7.75	0	1	1	1	0
593	3	37.20	54.92	51.08	7.75	0	1	1	1	0
594	3	34.49	55.31	95.38	7.75	0	1	1	1	0
595	4	47.88	66.70	58.08	7.75	0	1	1	1	1
596	4	47.88	66.70	58.08	7.75	0	1	1	1	1
597	4	47.88	66.70	58.08	7.75	0	1	1	1	1
598	4	9.98	44.24	31.47	7.75	0	1	1	1	1
599	4	9.98	44.24	31.47	7.75	0	1	1	1	1
600	4	36.45	69.68	97.67	7.75	0	1	1	1	1
601	4	36.45	69.68	97.67	7.75	0	1	1	1	1
602	4	36.45	69.68	97.67	7.75	0	1	1	1	1
603	4	36.45	69.68	97.67	7.75	0	1	1	1	1
604	4	35.06	68.52	72.22	7.75	0	1	1	1	1
605	4	35.06	68.52	72.22	7.75	0	1	1	1	1
606	4	28.72	46.05	64.05	7.75	0	1	1	1	1
607	4	28.72	46.05	64.05	7.75	0	1	1	1	1
608	4	28.72	46.05	64.05	7.75	0	1	1	1	1
609	4	47.49	67.83	60.83	7.75	0	1	1	1	1
610	4	47.49	67.83	60.83	7.75	0	1	1	1	1
611	4	47.49	67.83	60.83	7.75	0	1	1	1	1
612	4	47.17	63.97	63.78	7.75	0	1	1	1	1
613	4	47.17	63.97	63.78	7.75	0	1	1	1	1
614	4	40.19	68.18	62.23	7.75	0	1	1	1	1
615	4	40.19	68.18	62.23	7.75	0	1	1	1	1
616	4	40.19	68.18	62.23	7.75	0	1	1	1	1
617	4	33.20	68.79	96.25	7.75	0	1	1	1	1
618	4	48.21	67.07	74.53	7.75	0	1	1	1	1
619	4	48.21	67.07	74.53	7.75	0	1	1	1	1
620	4	48.21	67.07	74.53	7.75	0	1	1	1	1
621	4	48.21	67.07	74.53	7.75	0	1	1	1	1
622	4	16.15	27.71	38.62	7.75	0	1	1	1	1
623	4	16.15	27.71	38.62	7.75	0	1	1	1	1
624	4	16.15	27.71	38.62	7.75	0	1	1	1	1
625	4	16.15	27.71	38.62	7.75	0	1	1	1	1
626	4	16.15	27.71	38.62	7.75	0	1	1	1	1
627	4	16.15	27.71	38.62	7.75	0	1	1	1	1
628	4	16.15	27.71	38.62	7.75	0	1	1	1	1
629	4	16.15	27.71	38.62	7.75	0	1	1	1	1
630	4	16.15	27.71	38.62	7.75	0	1	1	1	1
631	4	16.15	27.71	38.62	7.75	0	1	1	1	1
632	4	16.15	27.71	38.62	7.75	0	1	1	1	1
633	4	16.15	27.71	38.62	7.75	0	1	1	1	1
634	4	16.15	27.71	38.62	7.75	0	1	1	1	1
635	4	16.15	27.71	38.62	7.75	0	1	1	1	1
636	4	16.15	27.71	38.62	7.75	0	1	1	1	1
637	4	16.15	27.71	38.62	7.75	0	1	1	1	1
638	4	16.15	27.71	38.62	7.75	0	1	1	1	1
639	4	16.15	27.71	38.62	7.75	0	1	1	1	1
640	4	16.15	27.71	38.62	7.75	0	1	1	1	1
641	4	16.15	27.71	38.62	7.75	0	1	1	1	1
642	4	45.33	63.91	72.52	7.75	0	1	1	1	1
643	4	45.33	63.91	72.52	7.75	0	1	1	1	1
644	4	45.33	63.91	72.52	7.75	0	1	1	1	1
645	4	45.33	63.91	72.52	7.75	0	1	1	1	1
646	4	26.37	42.95	65.53	7.75	0	1	1	1	1
647	4	26.37	42.95	65.53	7.75	0	1	1	1	1
648	4	45.23	68.22	75.12	7.75	0	1	1	1	1
649	4	40.97	66.61	53.68	7.75	0	1	1	1	1
650	4	40.97	66.61	53.68	7.75	0	1	1	1	1
651	4	40.97	66.61	53.68	7.75	0	1	1	1	1
652	4	40.97	66.61	53.68	7.75	0	1	1	1	1
653	4	40.97	66.61	53.68	7.75	0	1	1	1	1
654	4	40.97	66.61	53.68	7.75	0	1	1	1	1
655	4	37.91	68.40	66.83	7.75	0	1	1	1	1
656	4	37.91	68.40	66.83	7.75	0	1	1	1	1
657	4	37.91	68.40	66.83	7.75	0	1	1	1	1
658	4	37.91	68.40	66.83	7.75	0	1	1	1	1
659	4	37.91	68.40	66.83	7.75	0	1	1	1	1
660	4	37.91	68.40	66.83	7.75	0	1	1	1	1
661	4	37.91	68.40	66.83	7.75	0	1	1	1	1
662	4	37.91	68.40	66.83	7.75	0	1	1	1	1
663	4	37.91	68.40	66.83	7.75	0	1	1	1	1
664	4	37.91	68.40	66.83	7.75	0	1	1	1	1
665	4	37.91	68.40	66.83	7.75	0	1	1	1	1
666	4	37.91	68.40	66.83	7.75	0	1	1	1	1
667	4	37.91	68.40	66.83	7.75	0	1	1	1	1
668	4	43.83	63.99	65.73	7.75	0	1	1	1	1
669	4	43.83	63.99	65.73	7.75	0	1	1	1	1
670	4	43.83	63.99	65.73	7.75	0	1	1	1	1
671	4	49.08	64.83	71.12	7.75	0	1	1	1	1
672	4	49.08	64.83	71.12	7.75	0	1	1	1	1
673	4	11.39	37.19	35.15	7.75	0	1	1	1	1
674	4	37.61	60.26	55.13	7.75	0	1	1	1	1
675	4	37.61	60.26	55.13	7.75	0	1	1	1	1
676	4	37.61	60.26	55.13	7.75	0	1	1	1	1
677	4	37.61	60.26	55.13	7.75	0	1	1	1	1
678	4	37.61	60.26	55.13	7.75	0	1	1	1	1
679	4	42.80	66.83	70.38	7.75	0	1	1	1	1
680	4	42.80	66.83	70.38	7.75	0	1	1	1	1
681	4	42.80	66.83	70.38	7.75	0	1	1	1	1
682	4	25.60	48.37	73.22	7.75	0	1	1	1	1
683	4	25.60	48.37	73.22	7.75	0	1	1	1	1
684	4	29.51	65.62	92.75	7.75	0	1	1	1	1
685	4	29.51	65.62	92.75	7.75	0	1	1	1	1
686	4	29.51	65.62	92.75	7.75	0	1	1	1	1
687	4	29.51	65.62	92.75	7.75	0	1	1	1	1
688	4	29.51	65.62	92.75	7.75	0	1	1	1	1
689	4	38.30	77.86	101.33	7.75	0	1	1	1	1
690	4	38.30	77.86	101.33	7.75	0	1	1	1	1
691	4	38.30	77.86	101.33	7.75	0	1	1	1	1
692	4	38.30	77.86	101.33	7.75	0	1	1	1	1
693	4	33.84	68.44	73.08	7.75	0	1	1	1	1
694	4	33.84	68.44	73.08	7.75	0	1	1	1	1
695	4	33.84	68.44	73.08	7.75	0	1	1	1	1
696	4	33.84	68.44	73.08	7.75	0	1	1	1	1
697	4	33.84	68.44	73.08	7.75	0	1	1	1	1
698	4	33.84	68.44	73.08	7.75	0	1	1	1	1
699	4	33.84	68.44	73.08	7.75	0	1	1	1	1
700	4	33.84	68.44	73.08	7.75	0	1	1	1	1
701	4	33.84	68.44	73.08	7.75	0	1	1	1	1
702	4	33.84	68.44	73.08	7.75	0	1	1	1	1
703	4	33.84	68.44	73.08	7.75	0	1	1	1	1
704	4	33.84	68.44	73.08	7.75	0	1	1	1	1
705	4	33.84	68.44	73.08	7.75	0	1	1	1	1
706	4	33.84	68.44	73.08	7.75	0	1	1	1	1
707	4	33.84	68.44	73.08	7.75	0	1	1	1	1
708	4	33.84	68.44	73.08	7.75	0	1	1	1	1
709	4	46.91	68.04	65.05	7.75	0	1	1	1	1
710	4	46.91	68.04	65.05	7.75	0	1	1	1	1
711	4	38.70	68.94	81.00	7.75	0	1	1	1	1
712	4	38.70	68.94	81.00	7.75	0	1	1	1	1
713	4	29.35	68.65	96.00	7.75	0	1	1	1	1
714	4	29.35	68.65	96.00	7.75	0	1	1	1	1
715	4	29.35	68.65	96.00	7.75	0	1	1	1	1
716	4	29.35	68.65	96.00	7.75	0	1	1	1	1
717	4	29.35	68.65	96.00	7.75	0	1	1	1	1
718	4	29.35	68.65	96.00	7.75	0	1	1	1	1
719	4	29.35	68.65	96.00	7.75	0	1	1	1	1
720	4	29.35	68.65	96.00	7.75	0	1	1	1	1
721	4	29.35	68.65	96.00	7.75	0	1	1	1	1
722	4	29.35	68.65	96.00	7.75	0	1	1	1	1
723	4	39.88	68.49	74.75	7.75	0	1	1	1	1
724	4	39.88	68.49	74.75	7.75	0	1	1	1	1
725	4	39.88	68.49	74.75	7.75	0	1	1	1	1
726	4	39.88	68.49	74.75	7.75	0	1	1	1	1
727	4	39.88	68.49	74.75	7.75	0	1	1	1	1
728	4	39.88	68.49	74.75	7.75	0	1	1	1	1
729	4	28.77	44.54	43.25	7.75	0	1	1	1	1
730	4	28.77	44.54	43.25	7.75	0	1	1	1	1
731	4	28.77	44.54	43.25	7.75	0	1	1	1	1
732	4	28.77	44.54	43.25	7.75	0	1	1	1	1
733	4	28.77	44.54	43.25	7.75	0	1	1	1	1
734	4	28.77	44.54	43.25	7.75	0	1	1	1	1
735	4	37.28	68.68	77.38	7.75	0	1	1	1	1
736	4	37.28	68.68	77.38	7.75	0	1	1	1	1
737	4	37.28	68.68	77.38	7.75	0	1	1	1	1
738	4	37.28	68.68	77.38	7.75	0	1	1	1	1
739	4	37.28	68.68	77.38	7.75	0	1	1	1	1
740	4	33.02	52.32	64.75	7.75	0	1	1	1	1
741	4	33.02	52.32	64.75	7.75	0	1	1	1	1
742	4	33.02	52.32	64.75	7.75	0	1	1	1	1
743	4	46.38	68.28	50.02	7.75	0	1	1	1	1
744	4	46.38	68.28	50.02	7.75	0	1	1	1	1
745	4	46.38	68.28	50.02	7.75	0	1	1	1	1
746	4	46.38	68.28	50.02	7.75	0	1	1	1	1
747	4	46.38	68.28	50.02	7.75	0	1	1	1	1
748	4	46.38	68.28	50.02	7.75	0	1	1	1	1
749	4	38.82	64.11	77.08	7.75	0	1	1	1	1
750	4	38.82	64.11	77.08	7.75	0	1	1	1	1
751	4	38.82	64.11	77.08	7.75	0	1	1	1	1
752	4	38.82	64.11	77.08	7.75	0	1	1	1	1
753	4	38.82	64.11	77.08	7.75	0	1	1	1	1
754	4	38.82	64.11	77.08	7.75	0	1	1	1	1
755	4	38.82	64.11	77.08	7.75	0	1	1	1	1
756	4	14.27	35.09	69.72	7.75	0	1	1	1	1
757	4	45.64	64.62	70.65	7.75	0	1	1	1	1
758	4	45.64	64.62	70.65	7.75	0	1	1	1	1
759	4	33.58	52.90	66.50	7.75	0	1	1	1	1
760	4	33.58	52.90	66.50	7.75	0	1	1	1	1
761	4	33.58	52.90	66.50	7.75	0	1	1	1	1
762	4	32.31	47.07	75.93	7.75	0	1	1	1	1
763	4	32.31	47.07	75.93	7.75	0	1	1	1	1
764	4	32.31	47.07	75.93	7.75	0	1	1	1	1
765	4	47.26	63.62	72.18	7.75	0	1	1	1	1
766	4	47.26	63.62	72.18	7.75	0	1	1	1	1
767	4	47.26	63.62	72.18	7.75	0	1	1	1	1
768	4	47.26	63.62	72.18	7.75	0	1	1	1	1
769	4	28.17	44.51	60.30	7.75	0	1	1	1	1
770	4	28.17	44.51	60.30	7.75	0	1	1	1	1
771	4	28.17	44.51	60.30	7.75	0	1	1	1	1
772	4	23.01	37.59	50.53	7.75	0	1	1	1	1
773	4	23.01	37.59	50.53	7.75	0	1	1	1	1
774	4	23.01	37.59	50.53	7.75	0	1	1	1	1
775	4	23.01	37.59	50.53	7.75	0	1	1	1	1
776	4	28.25	68.79	100.62	7.75	0	1	1	1	1
777	4	20.37	54.89	54.23	7.75	0	1	1	1	1
778	4	20.37	54.89	54.23	7.75	0	1	1	1	1
779	4	20.37	54.89	54.23	7.75	0	1	1	1	1
780	4	31.08	69.88	87.90	7.75	0	1	1	1	1
781	4	49.68	66.30	72.33	7.75	0	1	1	1	1
782	4	49.68	66.30	72.33	7.75	0	1	1	1	1
783	4	38.81	73.00	99.77	7.75	0	1	1	1	1
784	4	39.78	63.26	72.58	7.75	0	1	1	1	1
785	4	39.78	63.26	72.58	7.75	0	1	1	1	1
786	4	39.78	63.26	72.58	7.75	0	1	1	1	1
787	4	39.78	63.26	72.58	7.75	0	1	1	1	1
788	4	32.39	68.13	83.83	7.75	0	1	1	1	1
789	4	32.39	68.13	83.83	7.75	0	1	1	1	1
790	4	32.39	68.13	83.83	7.75	0	1	1	1	1
791	4	32.39	68.13	83.83	7.75	0	1	1	1	1
792	4	32.39	68.13	83.83	7.75	0	1	1	1	1
793	4	32.39	68.13	83.83	7.75	0	1	1	1	1
794	4	32.39	68.13	83.83	7.75	0	1	1	1	1
795	4	16.59	33.01	71.28	7.75	0	1	1	1	1
796	4	16.59	33.01	71.28	7.75	0	1	1	1	1
797	4	16.59	33.01	71.28	7.75	0	1	1	1	1
798	4	16.59	33.01	71.28	7.75	0	1	1	1	1
799	4	16.59	33.01	71.28	7.75	0	1	1	1	1
800	4	16.59	33.01	71.28	7.75	0	1	1	1	1
801	4	16.59	33.01	71.28	7.75	0	1	1	1	1
802	4	16.59	33.01	71.28	7.75	0	1	1	1	1
803	4	37.01	63.72	52.98	7.75	0	1	1	1	1
804	4	37.01	63.72	52.98	7.75	0	1	1	1	1
805	4	37.01	63.72	52.98	7.75	0	1	1	1	1
806	4	37.01	63.72	52.98	7.75	0	1	1	1	1
807	4	25.86	40.05	67.32	7.75	0	1	1	1	1
808	4	25.86	40.05	67.32	7.75	0	1	1	1	1
809	4	25.86	40.05	67.32	7.75	0	1	1	1	1
810	4	25.86	40.05	67.32	7.75	0	1	1	1	1
811	4	25.86	40.05	67.32	7.75	0	1	1	1	1
812	4	25.86	40.05	67.32	7.75	0	1	1	1	1
813	4	25.86	40.05	67.32	7.75	0	1	1	1	1
814	4	25.86	40.05	67.32	7.75	0	1	1	1	1
815	4	39.74	67.65	68.62	7.75	0	1	1	1	1
816	4	39.74	67.65	68.62	7.75	0	1	1	1	1
817	4	36.64	68.89	78.70	7.75	0	1	1	1	1
818	4	36.64	68.89	78.70	7.75	0	1	1	1	1
819	4	36.64	68.89	78.70	7.75	0	1	1	1	1
820	4	36.64	68.89	78.70	7.75	0	1	1	1	1
821	4	36.64	68.89	78.70	7.75	0	1	1	1	1
822	4	36.64	68.89	78.70	7.75	0	1	1	1	1
823	4	36.83	68.28	69.77	7.75	0	1	1	1	1
824	4	36.83	68.28	69.77	7.75	0	1	1	1	1
825	4	36.83	68.28	69.77	7.75	0	1	1	1	1
826	4	36.83	68.28	69.77	7.75	0	1	1	1	1
827	4	36.83	68.28	69.77	7.75	0	1	1	1	1
828	4	36.83	68.28	69.77	7.75	0	1	1	1	1
829	4	36.83	68.28	69.77	7.75	0	1	1	1	1
830	4	36.83	68.28	69.77	7.75	0	1	1	1	1
831	4	36.83	68.28	69.77	7.75	0	1	1	1	1
832	4	42.83	68.24	67.88	7.75	0	1	1	1	1
833	4	42.83	68.24	67.88	7.75	0	1	1	1	1
834	4	42.83	68.24	67.88	7.75	0	1	1	1	1
835	4	25.56	52.88	43.87	7.75	0	1	1	1	1
836	4	25.56	52.88	43.87	7.75	0	1	1	1	1
837	4	25.56	52.88	43.87	7.75	0	1	1	1	1
838	4	40.13	65.83	78.90	7.75	0	1	1	1	1
839	4	40.13	65.83	78.90	7.75	0	1	1	1	1
840	4	40.13	65.83	78.90	7.75	0	1	1	1	1
841	4	34.47	57.79	78.98	7.75	0	1	1	1	1
842	4	34.47	57.79	78.98	7.75	0	1	1	1	1
843	4	34.47	57.79	78.98	7.75	0	1	1	1	1
844	4	34.47	57.79	78.98	7.75	0	1	1	1	1
845	4	28.38	50.67	40.22	7.75	0	1	1	1	1
846	4	28.38	50.67	40.22	7.75	0	1	1	1	1
847	4	32.89	62.35	93.37	7.75	0	1	1	1	1
848	4	32.89	62.35	93.37	7.75	0	1	1	1	1
849	4	29.62	42.23	68.50	7.75	0	1	1	1	1
850	4	29.62	42.23	68.50	7.75	0	1	1	1	1
851	4	45.00	68.32	54.67	7.75	0	1	1	1	1
852	4	45.00	68.32	54.67	7.75	0	1	1	1	1
853	4	45.00	68.32	54.67	7.75	0	1	1	1	1
854	4	45.00	68.32	54.67	7.75	0	1	1	1	1
855	4	45.00	68.32	54.67	7.75	0	1	1	1	1
856	4	22.18	68.79	109.45	7.75	0	1	1	1	1
857	4	22.18	68.79	109.45	7.75	0	1	1	1	1
858	4	22.18	68.79	109.45	7.75	0	1	1	1	1
859	4	22.18	68.79	109.45	7.75	0	1	1	1	1
860	4	39.65	68.63	83.62	7.75	0	1	1	1	1
861	4	39.65	68.63	83.62	7.75	0	1	1	1	1
862	4	39.65	68.63	83.62	7.75	0	1	1	1	1
863	4	17.11	29.05	38.32	7.75	0	1	1	1	1
864	4	17.11	29.05	38.32	7.75	0	1	1	1	1
865	4	17.11	29.05	38.32	7.75	0	1	1	1	1
866	4	17.11	29.05	38.32	7.75	0	1	1	1	1
867	4	17.11	29.05	38.32	7.75	0	1	1	1	1
868	4	17.11	29.05	38.32	7.75	0	1	1	1	1
869	4	17.11	29.05	38.32	7.75	0	1	1	1	1
870	4	17.11	29.05	38.32	7.75	0	1	1	1	1
871	4	17.11	29.05	38.32	7.75	0	1	1	1	1
872	4	17.11	29.05	38.32	7.75	0	1	1	1	1
873	4	19.22	39.23	42.43	7.75	0	1	1	1	1
874	4	19.22	39.23	42.43	7.75	0	1	1	1	1
875	4	19.22	39.23	42.43	7.75	0	1	1	1	1
876	4	19.22	39.23	42.43	7.75	0	1	1	1	1
877	4	19.22	39.23	42.43	7.75	0	1	1	1	1
878	4	26.60	65.32	90.98	7.75	0	1	1	1	1
879	4	26.60	65.32	90.98	7.75	0	1	1	1	1
880	4	26.60	65.32	90.98	7.75	0	1	1	1	1
881	4	39.09	60.05	76.72	7.75	0	1	1	1	1
882	4	39.09	60.05	76.72	7.75	0	1	1	1	1
883	4	39.09	60.05	76.72	7.75	0	1	1	1	1
884	4	39.09	60.05	76.72	7.75	0	1	1	1	1
885	4	32.79	77.91	93.58	7.75	0	1	1	1	1
886	4	32.79	77.91	93.58	7.75	0	1	1	1	1
887	4	32.79	77.91	93.58	7.75	0	1	1	1	1
888	4	32.79	77.91	93.58	7.75	0	1	1	1	1
889	4	32.89	60.00	53.97	7.75	0	1	1	1	1
890	4	32.89	60.00	53.97	7.75	0	1	1	1	1
891	4	32.89	60.00	53.97	7.75	0	1	1	1	1
892	4	32.89	60.00	53.97	7.75	0	1	1	1	1
893	4	34.88	55.12	70.42	7.75	0	1	1	1	1
894	4	34.88	55.12	70.42	7.75	0	1	1	1	1
895	4	13.88	48.47	35.27	7.75	0	1	1	1	1
896	4	38.74	72.83	70.82	7.75	0	1	1	1	1
897	4	38.74	72.83	70.82	7.75	0	1	1	1	1
898	4	38.74	72.83	70.82	7.75	0	1	1	1	1
899	4	17.05	51.07	39.83	7.75	0	1	1	1	1
900	4	17.05	51.07	39.83	7.75	0	1	1	1	1
901	4	15.18	39.80	71.62	7.75	0	1	1	1	1
902	4	29.15	51.41	55.22	7.75	0	1	1	1	1
903	4	29.15	51.41	55.22	7.75	0	1	1	1	1
904	4	7.91	14.63	51.48	7.75	0	1	1	1	1
905	4	7.91	14.63	51.48	7.75	0	1	1	1	1
906	4	7.91	14.63	51.48	7.75	0	1	1	1	1
907	4	7.91	14.63	51.48	7.75	0	1	1	1	1
908	4	7.91	14.63	51.48	7.75	0	1	1	1	1
909	4	7.91	14.63	51.48	7.75	0	1	1	1	1
910	4	7.91	14.63	51.48	7.75	0	1	1	1	1
911	4	7.91	14.63	51.48	7.75	0	1	1	1	1
912	4	7.91	14.63	51.48	7.75	0	1	1	1	1
913	4	7.91	14.63	51.48	7.75	0	1	1	1	1
914	4	7.91	14.63	51.48	7.75	0	1	1	1	1
915	4	7.91	14.63	51.48	7.75	0	1	1	1	1
916	4	7.91	14.63	51.48	7.75	0	1	1	1	1
917	4	43.95	68.48	93.77	7.75	0	1	1	1	1
918	4	43.95	68.48	93.77	7.75	0	1	1	1	1
919	4	31.18	52.94	71.78	7.75	0	1	1	1	1
920	4	31.18	52.94	71.78	7.75	0	1	1	1	1
921	4	31.18	52.94	71.78	7.75	0	1	1	1	1
922	4	31.18	52.94	71.78	7.75	0	1	1	1	1
923	4	31.18	52.94	71.78	7.75	0	1	1	1	1
924	4	31.18	52.94	71.78	7.75	0	1	1	1	1
925	4	31.18	52.94	71.78	7.75	0	1	1	1	1
926	4	31.18	52.94	71.78	7.75	0	1	1	1	1
927	4	31.18	52.94	71.78	7.75	0	1	1	1	1
928	4	31.18	52.94	71.78	7.75	0	1	1	1	1
929	4	31.18	52.94	71.78	7.75	0	1	1	1	1
930	4	28.68	48.72	69.83	7.75	0	1	1	1	1
931	4	14.13	23.35	42.40	7.75	0	1	1	1	1
932	4	41.98	68.27	66.68	7.75	0	1	1	1	1
933	4	24.25	52.04	82.90	7.75	0	1	1	1	1
934	4	25.01	45.24	48.18	7.75	0	1	1	1	1
935	4	25.01	45.24	48.18	7.75	0	1	1	1	1
936	4	25.01	45.24	48.18	7.75	0	1	1	1	1
937	4	28.16	43.62	68.22	7.75	0	1	1	1	1
938	4	28.16	43.62	68.22	7.75	0	1	1	1	1
939	4	28.16	43.62	68.22	7.75	0	1	1	1	1
940	4	28.16	43.62	68.22	7.75	0	1	1	1	1
941	4	28.16	43.62	68.22	7.75	0	1	1	1	1
942	4	28.16	43.62	68.22	7.75	0	1	1	1	1
943	4	51.00	100.61	127.95	7.75	0	1	1	1	1
944	4	37.20	54.92	51.08	7.75	0	1	1	1	1
945	4	37.20	54.92	51.08	7.75	0	1	1	1	1
946	4	37.20	54.92	51.08	7.75	0	1	1	1	1
947	4	37.20	54.92	51.08	7.75	0	1	1	1	1
948	4	37.20	54.92	51.08	7.75	0	1	1	1	1
949	4	37.20	54.92	51.08	7.75	0	1	1	1	1
950	4	31.67	53.96	64.22	7.75	0	1	1	1	1
951	4	31.67	53.96	64.22	7.75	0	1	1	1	1
952	4	14.44	33.72	42.67	7.75	0	1	1	1	1
953	4	14.44	33.72	42.67	7.75	0	1	1	1	1
954	4	14.44	33.72	42.67	7.75	0	1	1	1	1
955	4	14.44	33.72	42.67	7.75	0	1	1	1	1
956	4	14.44	33.72	42.67	7.75	0	1	1	1	1
957	4	37.25	68.79	89.02	7.75	0	1	1	1	1
958	4	31.26	68.46	82.73	7.75	0	1	1	1	1
959	4	20.61	50.63	51.68	7.75	0	1	1	1	1
960	4	20.61	50.63	51.68	7.75	0	1	1	1	1
961	4	20.61	50.63	51.68	7.75	0	1	1	1	1
962	4	20.61	50.63	51.68	7.75	0	1	1	1	1
963	4	29.52	52.74	76.78	7.75	0	1	1	1	1
964	4	29.52	52.74	76.78	7.75	0	1	1	1	1
965	4	29.52	52.74	76.78	7.75	0	1	1	1	1
966	4	40.00	69.22	97.23	7.75	0	1	1	1	1
967	4	40.00	69.22	97.23	7.75	0	1	1	1	1
968	4	17.89	45.02	43.88	7.75	0	1	1	1	1
969	4	17.89	45.02	43.88	7.75	0	1	1	1	1
970	4	17.89	45.02	43.88	7.75	0	1	1	1	1
971	4	30.50	56.74	52.38	7.75	0	1	1	1	1
972	4	30.50	56.74	52.38	7.75	0	1	1	1	1
973	4	30.50	56.74	52.38	7.75	0	1	1	1	1
974	4	30.50	56.74	52.38	7.75	0	1	1	1	1
975	4	30.50	56.74	52.38	7.75	0	1	1	1	1
976	4	30.50	56.74	52.38	7.75	0	1	1	1	1
977	4	30.50	56.74	52.38	7.75	0	1	1	1	1
978	4	30.50	56.74	52.38	7.75	0	1	1	1	1
979	4	24.20	40.42	61.23	7.75	0	1	1	1	1
980	4	18.30	44.50	40.57	7.75	0	1	1	1	1
981	4	18.30	44.50	40.57	7.75	0	1	1	1	1
982	4	18.30	44.50	40.57	7.75	0	1	1	1	1
983	4	27.47	42.82	71.72	7.75	0	1	1	1	1
984	4	27.47	42.82	71.72	7.75	0	1	1	1	1
985	4	27.47	42.82	71.72	7.75	0	1	1	1	1
986	4	27.47	42.82	71.72	7.75	0	1	1	1	1
987	4	27.47	42.82	71.72	7.75	0	1	1	1	1
988	4	27.47	42.82	71.72	7.75	0	1	1	1	1
989	4	28.79	51.50	90.65	7.75	0	1	1	1	1
990	4	28.79	51.50	90.65	7.75	0	1	1	1	1
991	4	22.04	36.76	53.08	7.75	0	1	1	1	1
992	4	27.62	61.74	98.68	7.75	0	1	1	1	1
993	4	27.62	61.74	98.68	7.75	0	1	1	1	1
994	4	42.61	68.48	76.60	7.75	0	1	1	1	1
995	4	42.61	68.48	76.60	7.75	0	1	1	1	1
996	4	42.61	68.48	76.60	7.75	0	1	1	1	1
997	4	42.61	68.48	76.60	7.75	0	1	1	1	1
998	4	12.87	23.64	61.18	7.75	0	1	1	1	1
999	4	12.87	23.64	61.18	7.75	0	1	1	1	1
1000	4	12.87	23.64	61.18	7.75	0	1	1	1	1
1001	4	12.87	23.64	61.18	7.75	0	1	1	1	1
1002	4	12.87	23.64	61.18	7.75	0	1	1	1	1
1003	4	12.87	23.64	61.18	7.75	0	1	1	1	1
1004	4	12.87	23.64	61.18	7.75	0	1	1	1	1
1005	4	12.87	23.64	61.18	7.75	0	1	1	1	1
1006	4	12.87	23.64	61.18	7.75	0	1	1	1	1
1007	4	12.87	23.64	61.18	7.75	0	1	1	1	1
1008	4	12.87	23.64	61.18	7.75	0	1	1	1	1
1009	4	12.87	23.64	61.18	7.75	0	1	1	1	1
1010	4	12.87	23.64	61.18	7.75	0	1	1	1	1
1011	4	12.87	23.64	61.18	7.75	0	1	1	1	1
1012	4	26.10	49.49	73.55	7.75	0	1	1	1	1
1013	4	26.10	49.49	73.55	7.75	0	1	1	1	1
1014	4	26.10	49.49	73.55	7.75	0	1	1	1	1
1015	4	37.34	71.14	88.00	7.75	0	1	1	1	1
1016	4	37.34	71.14	88.00	7.75	0	1	1	1	1
1017	4	37.34	71.14	88.00	7.75	0	1	1	1	1
1018	4	37.34	71.14	88.00	7.75	0	1	1	1	1
1019	4	37.34	71.14	88.00	7.75	0	1	1	1	1
1020	4	37.34	71.14	88.00	7.75	0	1	1	1	1
1021	4	30.50	70.58	90.55	7.75	0	1	1	1	1
1022	4	30.50	70.58	90.55	7.75	0	1	1	1	1
1023	4	19.29	36.28	59.12	7.75	0	1	1	1	1
1024	4	65.86	57.63	89.73	7.75	0	1	1	1	1
1025	4	65.86	57.63	89.73	7.75	0	1	1	1	1
1026	4	22.67	42.85	93.12	7.75	0	1	1	1	1
1027	4	22.67	42.85	93.12	7.75	0	1	1	1	1
1028	4	22.67	42.85	93.12	7.75	0	1	1	1	1
1029	4	22.67	42.85	93.12	7.75	0	1	1	1	1
1030	4	22.67	42.85	93.12	7.75	0	1	1	1	1
1031	4	22.67	42.85	93.12	7.75	0	1	1	1	1
1032	4	29.47	65.49	75.37	7.75	0	1	1	1	1
1033	4	16.39	25.77	99.99	7.75	0	1	1	1	1
1034	4	16.39	25.77	99.99	7.75	0	1	1	1	1
1035	4	16.39	25.77	99.99	7.75	0	1	1	1	1
1036	4	16.39	25.77	99.99	7.75	0	1	1	1	1
1037	4	16.39	25.77	99.99	7.75	0	1	1	1	1
1038	4	38.90	68.51	79.63	7.75	0	1	1	1	1
1039	4	38.90	68.51	79.63	7.75	0	1	1	1	1
1040	4	38.90	68.51	79.63	7.75	0	1	1	1	1
1041	4	34.49	55.31	95.38	7.75	0	1	1	1	1
1042	4	34.49	55.31	95.38	7.75	0	1	1	1	1
1043	4	34.49	55.31	95.38	7.75	0	1	1	1	1
1044	4	34.49	55.31	95.38	7.75	0	1	1	1	1
1045	4	42.13	72.27	73.55	7.75	0	1	1	1	1
1046	4	42.13	72.27	73.55	7.75	0	1	1	1	1
1047	4	38.98	80.09	97.08	7.75	0	1	1	1	1
1048	4	26.00	43.42	80.20	7.75	0	1	1	1	1
1049	4	26.00	43.42	80.20	7.75	0	1	1	1	1
1050	4	16.87	37.52	39.60	7.75	0	1	1	1	1
1051	4	29.66	54.42	106.52	7.75	0	1	1	1	1
1052	4	29.66	54.42	106.52	7.75	0	1	1	1	1
1053	4	26.46	49.79	63.60	7.75	0	1	1	1	1
1054	4	26.46	49.79	63.60	7.75	0	1	1	1	1
1055	4	26.46	49.79	63.60	7.75	0	1	1	1	1
1056	4	26.46	49.79	63.60	7.75	0	1	1	1	1
1057	4	26.46	49.79	63.60	7.75	0	1	1	1	1
1058	4	23.75	52.83	58.77	7.75	0	1	1	1	1
1059	4	23.75	52.83	58.77	7.75	0	1	1	1	1
1060	4	23.75	52.83	58.77	7.75	0	1	1	1	1
1061	4	23.75	52.83	58.77	7.75	0	1	1	1	1
1062	4	24.69	44.12	75.77	7.75	0	1	1	1	1
1063	4	48.32	66.48	106.83	7.75	0	1	1	1	1
1064	4	48.32	66.48	106.83	7.75	0	1	1	1	1
1065	4	48.32	66.48	106.83	7.75	0	1	1	1	1
1066	4	48.32	66.48	106.83	7.75	0	1	1	1	1
1067	4	32.39	48.52	62.28	7.75	0	1	1	1	1
1068	4	32.39	48.52	62.28	7.75	0	1	1	1	1
1069	4	35.69	69.05	87.88	7.75	0	1	1	1	1
1070	4	10.90	38.46	38.97	7.75	0	1	1	1	1
1071	4	21.43	45.36	39.30	7.75	0	1	1	1	1
1072	4	21.43	45.36	39.30	7.75	0	1	1	1	1
1073	4	9.26	43.15	61.57	7.75	0	1	1	1	1
1074	4	30.28	71.11	108.03	7.75	0	1	1	1	1
1075	4	30.28	71.11	108.03	7.75	0	1	1	1	1
1076	4	35.70	62.45	64.88	7.75	0	1	1	1	1
1077	4	35.70	62.45	64.88	7.75	0	1	1	1	1
1078	4	34.00	67.80	74.28	7.75	0	1	1	1	1
1079	4	30.70	52.62	58.47	7.75	0	1	1	1	1
1080	4	13.97	30.76	37.17	7.75	0	1	1	1	1
1081	4	31.22	67.21	85.97	7.75	0	1	1	1	1
1082	4	46.99	65.59	65.88	7.75	0	1	1	1	1
1083	4	46.99	65.59	65.88	7.75	0	1	1	1	1
1084	4	42.61	60.07	78.95	7.75	0	1	1	1	1
1085	4	34.08	68.67	83.12	7.75	0	1	1	1	1
1086	4	34.08	68.67	83.12	7.75	0	1	1	1	1
1087	4	48.20	67.37	60.45	7.75	0	1	1	1	1
1088	4	39.05	67.16	58.87	7.75	0	1	1	1	1
1089	4	31.44	66.59	81.57	7.75	0	1	1	1	1
1090	2	47.88	66.70	58.08	7.75	0	1	1	1	0
1091	2	35.06	68.52	72.22	7.75	0	1	1	1	0
1092	2	35.06	68.52	72.22	7.75	0	1	1	1	0
1093	2	35.06	68.52	72.22	7.75	0	1	1	1	0
1094	2	47.49	67.83	60.83	7.75	0	1	1	1	0
1095	2	47.49	67.83	60.83	7.75	0	1	1	1	0
1096	2	47.17	63.97	63.78	7.75	0	1	1	1	0
1097	2	35.34	61.67	55.02	7.75	0	1	1	1	0
1098	2	35.34	61.67	55.02	7.75	0	1	1	1	0
1099	2	40.19	68.18	62.23	7.75	0	1	1	1	0
1100	2	33.20	68.79	96.25	7.75	0	1	1	1	0
1101	2	16.15	27.71	38.62	7.75	0	1	1	1	0
1102	2	16.15	27.71	38.62	7.75	0	1	1	1	0
1103	2	16.15	27.71	38.62	7.75	0	1	1	1	0
1104	2	45.33	63.91	72.52	7.75	0	1	1	1	0
1105	2	45.33	63.91	72.52	7.75	0	1	1	1	0
1106	2	45.33	63.91	72.52	7.75	0	1	1	1	0
1107	2	45.33	63.91	72.52	7.75	0	1	1	1	0
1108	2	40.97	66.61	53.68	7.75	0	1	1	1	0
1109	2	40.97	66.61	53.68	7.75	0	1	1	1	0
1110	2	40.97	66.61	53.68	7.75	0	1	1	1	0
1111	2	37.91	68.40	66.83	7.75	0	1	1	1	0
1112	2	37.91	68.40	66.83	7.75	0	1	1	1	0
1113	2	37.91	68.40	66.83	7.75	0	1	1	1	0
1114	2	37.91	68.40	66.83	7.75	0	1	1	1	0
1115	2	37.91	68.40	66.83	7.75	0	1	1	1	0
1116	2	37.61	60.26	55.13	7.75	0	1	1	1	0
1117	2	42.80	66.83	70.38	7.75	0	1	1	1	0
1118	2	42.80	66.83	70.38	7.75	0	1	1	1	0
1119	2	29.51	65.62	92.75	7.75	0	1	1	1	0
1120	2	33.84	68.44	73.08	7.75	0	1	1	1	0
1121	2	33.84	68.44	73.08	7.75	0	1	1	1	0
1122	2	33.84	68.44	73.08	7.75	0	1	1	1	0
1123	2	46.91	68.04	65.05	7.75	0	1	1	1	0
1124	2	38.70	68.94	81.00	7.75	0	1	1	1	0
1125	2	29.35	68.65	96.00	7.75	0	1	1	1	0
1126	2	28.77	44.54	43.25	7.75	0	1	1	1	0
1127	2	46.38	68.28	50.02	7.75	0	1	1	1	0
1128	2	46.38	68.28	50.02	7.75	0	1	1	1	0
1129	2	46.38	68.28	50.02	7.75	0	1	1	1	0
1130	2	38.82	64.11	77.08	7.75	0	1	1	1	0
1131	2	45.64	64.62	70.65	7.75	0	1	1	1	0
1132	2	47.26	63.62	72.18	7.75	0	1	1	1	0
1133	2	23.01	37.59	50.53	7.75	0	1	1	1	0
1134	2	23.01	37.59	50.53	7.75	0	1	1	1	0
1135	2	49.68	66.30	72.33	7.75	0	1	1	1	0
1136	2	39.74	67.65	68.62	7.75	0	1	1	1	0
1137	2	39.74	67.65	68.62	7.75	0	1	1	1	0
1138	2	39.74	67.65	68.62	7.75	0	1	1	1	0
1139	2	39.74	67.65	68.62	7.75	0	1	1	1	0
1140	2	36.83	68.28	69.77	7.75	0	1	1	1	0
1141	2	36.83	68.28	69.77	7.75	0	1	1	1	0
1142	2	25.56	52.88	43.87	7.75	0	1	1	1	0
1143	2	28.38	50.67	40.22	7.75	0	1	1	1	0
1144	2	29.62	42.23	68.50	7.75	0	1	1	1	0
1145	2	45.00	68.32	54.67	7.75	0	1	1	1	0
1146	2	39.65	68.63	83.62	7.75	0	1	1	1	0
1147	2	32.89	60.00	53.97	7.75	0	1	1	1	0
1148	2	34.88	55.12	70.42	7.75	0	1	1	1	0
1149	2	29.15	51.41	55.22	7.75	0	1	1	1	0
1150	2	29.23	63.64	97.67	7.75	0	1	1	1	0
1151	2	29.23	63.64	97.67	7.75	0	1	1	1	0
1152	2	41.98	68.27	66.68	7.75	0	1	1	1	0
1153	2	41.98	68.27	66.68	7.75	0	1	1	1	0
1154	2	37.96	68.02	67.43	7.75	0	1	1	1	0
1155	2	27.48	51.20	59.98	7.75	0	1	1	1	0
1156	2	27.48	51.20	59.98	7.75	0	1	1	1	0
1157	2	42.61	68.48	76.60	7.75	0	1	1	1	0
1158	2	30.50	70.58	90.55	7.75	0	1	1	1	0
1159	2	41.44	66.10	56.42	7.75	0	1	1	1	0
1160	2	41.44	66.10	56.42	7.75	0	1	1	1	0
1161	2	22.67	42.85	93.12	7.75	0	1	1	1	0
1162	2	26.46	49.79	63.60	7.75	0	1	1	1	0
1163	2	37.15	68.09	59.25	7.75	0	1	1	1	0
1164	2	53.66	65.17	69.22	7.75	0	1	1	1	0
1165	2	5.76	31.33	19.43	7.75	0	1	1	1	0
1166	2	48.20	67.37	60.45	7.75	0	1	1	1	0
1167	3	47.88	66.70	58.08	7.75	0	1	1	1	0
1168	3	47.88	66.70	58.08	7.75	0	1	1	1	0
1169	3	33.20	68.79	96.25	7.75	0	1	1	1	0
1170	3	37.91	68.40	66.83	7.75	0	1	1	1	0
1171	3	37.61	60.26	55.13	7.75	0	1	1	1	0
1172	3	33.84	68.44	73.08	7.75	0	1	1	1	0
1173	3	38.70	68.94	81.00	7.75	0	1	1	1	0
1174	3	29.35	68.65	96.00	7.75	0	1	1	1	0
1175	3	33.58	52.90	66.50	7.75	0	1	1	1	0
1176	3	28.17	44.51	60.30	7.75	0	1	1	1	0
1177	3	23.01	37.59	50.53	7.75	0	1	1	1	0
1178	3	25.86	40.05	67.32	7.75	0	1	1	1	0
1179	3	29.62	42.23	68.50	7.75	0	1	1	1	0
1180	3	19.22	39.23	42.43	7.75	0	1	1	1	0
1181	3	26.60	65.32	90.98	7.75	0	1	1	1	0
1182	3	28.79	51.50	90.65	7.75	0	1	1	1	0
1183	3	42.61	68.48	76.60	7.75	0	1	1	1	0
1184	3	47.88	66.70	58.08	7.75	0	1	1	1	0
1185	3	45.23	68.22	75.12	7.75	0	1	1	1	0
1186	3	42.80	66.83	70.38	7.75	0	1	1	1	0
1187	3	46.38	68.28	50.02	7.75	0	1	1	1	0
1188	3	28.25	68.79	100.62	7.75	0	1	1	1	0
1189	3	42.61	68.48	76.60	7.75	0	1	1	1	0
1190	3	47.88	66.70	58.08	7.75	0	1	1	1	0
1191	3	29.35	68.65	96.00	7.75	0	1	1	1	0
1192	3	29.35	68.65	96.00	7.75	0	1	1	1	0
1193	3	39.78	63.26	72.58	7.75	0	1	1	1	0
1194	3	42.61	68.48	76.60	7.75	0	1	1	1	0
1195	3	34.49	55.31	95.38	7.75	0	1	1	1	0
1196	3	35.69	69.05	87.88	7.75	0	1	1	1	0
1197	3	47.88	66.70	58.08	7.75	0	1	1	1	0
1198	3	36.45	69.68	97.67	7.75	0	1	1	1	0
1199	3	28.72	46.05	64.05	7.75	0	1	1	1	0
1200	3	35.34	61.67	55.02	7.75	0	1	1	1	0
1201	3	33.20	68.79	96.25	7.75	0	1	1	1	0
1202	3	33.20	68.79	96.25	7.75	0	1	1	1	0
1203	3	16.15	27.71	38.62	7.75	0	1	1	1	0
1204	3	16.15	27.71	38.62	7.75	0	1	1	1	0
1205	3	45.23	68.22	75.12	7.75	0	1	1	1	0
1206	3	40.97	66.61	53.68	7.75	0	1	1	1	0
1207	3	40.97	66.61	53.68	7.75	0	1	1	1	0
1208	3	37.91	68.40	66.83	7.75	0	1	1	1	0
1209	3	37.91	68.40	66.83	7.75	0	1	1	1	0
1210	3	37.91	68.40	66.83	7.75	0	1	1	1	0
1211	3	37.91	68.40	66.83	7.75	0	1	1	1	0
1212	3	37.91	68.40	66.83	7.75	0	1	1	1	0
1213	3	37.91	68.40	66.83	7.75	0	1	1	1	0
1214	3	24.58	48.90	58.77	7.75	0	1	1	1	0
1215	3	37.61	60.26	55.13	7.75	0	1	1	1	0
1216	3	37.61	60.26	55.13	7.75	0	1	1	1	0
1217	3	37.61	60.26	55.13	7.75	0	1	1	1	0
1218	3	42.80	66.83	70.38	7.75	0	1	1	1	0
1219	3	42.80	66.83	70.38	7.75	0	1	1	1	0
1220	3	33.84	68.44	73.08	7.75	0	1	1	1	0
1221	3	33.84	68.44	73.08	7.75	0	1	1	1	0
1222	3	37.28	68.68	77.38	7.75	0	1	1	1	0
1223	3	46.38	68.28	50.02	7.75	0	1	1	1	0
1224	3	46.38	68.28	50.02	7.75	0	1	1	1	0
1225	3	38.82	64.11	77.08	7.75	0	1	1	1	0
1226	3	38.82	64.11	77.08	7.75	0	1	1	1	0
1227	3	38.82	64.11	77.08	7.75	0	1	1	1	0
1228	3	47.26	63.62	72.18	7.75	0	1	1	1	0
1229	3	47.26	63.62	72.18	7.75	0	1	1	1	0
1230	3	23.01	37.59	50.53	7.75	0	1	1	1	0
1231	3	49.68	66.30	72.33	7.75	0	1	1	1	0
1232	3	32.39	68.13	83.83	7.75	0	1	1	1	0
1233	3	16.59	33.01	71.28	7.75	0	1	1	1	0
1234	3	25.86	40.05	67.32	7.75	0	1	1	1	0
1235	3	25.86	40.05	67.32	7.75	0	1	1	1	0
1236	3	25.86	40.05	67.32	7.75	0	1	1	1	0
1237	3	25.86	40.05	67.32	7.75	0	1	1	1	0
1238	3	25.86	40.05	67.32	7.75	0	1	1	1	0
1239	3	36.83	68.28	69.77	7.75	0	1	1	1	0
1240	3	36.83	68.28	69.77	7.75	0	1	1	1	0
1241	3	36.83	68.28	69.77	7.75	0	1	1	1	0
1242	3	42.83	68.24	67.88	7.75	0	1	1	1	0
1243	3	42.83	68.24	67.88	7.75	0	1	1	1	0
1244	3	32.89	62.35	93.37	7.75	0	1	1	1	0
1245	3	17.11	29.05	38.32	7.75	0	1	1	1	0
1246	3	19.22	39.23	42.43	7.75	0	1	1	1	0
1247	3	19.22	39.23	42.43	7.75	0	1	1	1	0
1248	3	19.22	39.23	42.43	7.75	0	1	1	1	0
1249	3	26.60	65.32	90.98	7.75	0	1	1	1	0
1250	3	26.60	65.32	90.98	7.75	0	1	1	1	0
1251	3	39.09	60.05	76.72	7.75	0	1	1	1	0
1252	3	34.88	55.12	70.42	7.75	0	1	1	1	0
1253	3	38.74	72.83	70.82	7.75	0	1	1	1	0
1254	3	38.74	72.83	70.82	7.75	0	1	1	1	0
1255	3	7.91	14.63	51.48	7.75	0	1	1	1	0
1256	3	7.91	14.63	51.48	7.75	0	1	1	1	0
1257	3	43.95	68.48	93.77	7.75	0	1	1	1	0
1258	3	41.98	68.27	66.68	7.75	0	1	1	1	0
1259	3	41.98	68.27	66.68	7.75	0	1	1	1	0
1260	3	28.16	43.62	68.22	7.75	0	1	1	1	0
1261	3	28.16	43.62	68.22	7.75	0	1	1	1	0
1262	3	28.16	43.62	68.22	7.75	0	1	1	1	0
1263	3	14.44	33.72	42.67	7.75	0	1	1	1	0
1264	3	14.44	33.72	42.67	7.75	0	1	1	1	0
1265	3	14.44	33.72	42.67	7.75	0	1	1	1	0
1266	3	14.44	33.72	42.67	7.75	0	1	1	1	0
1267	3	29.52	52.74	76.78	7.75	0	1	1	1	0
1268	3	40.00	69.22	97.23	7.75	0	1	1	1	0
1269	3	17.89	45.02	43.88	7.75	0	1	1	1	0
1270	3	30.50	56.74	52.38	7.75	0	1	1	1	0
1271	3	27.47	42.82	71.72	7.75	0	1	1	1	0
1272	3	27.47	42.82	71.72	7.75	0	1	1	1	0
1273	3	42.61	68.48	76.60	7.75	0	1	1	1	0
1274	3	12.87	23.64	61.18	7.75	0	1	1	1	0
1275	3	12.87	23.64	61.18	7.75	0	1	1	1	0
1276	3	12.87	23.64	61.18	7.75	0	1	1	1	0
1277	3	12.87	23.64	61.18	7.75	0	1	1	1	0
1278	3	12.87	23.64	61.18	7.75	0	1	1	1	0
1279	3	12.87	23.64	61.18	7.75	0	1	1	1	0
1280	3	12.87	23.64	61.18	7.75	0	1	1	1	0
1281	3	26.10	49.49	73.55	7.75	0	1	1	1	0
1282	3	26.10	49.49	73.55	7.75	0	1	1	1	0
1283	3	26.10	49.49	73.55	7.75	0	1	1	1	0
1284	3	30.50	70.58	90.55	7.75	0	1	1	1	0
1285	3	41.44	66.10	56.42	7.75	0	1	1	1	0
1286	3	22.67	42.85	93.12	7.75	0	1	1	1	0
1287	3	34.49	55.31	95.38	7.75	0	1	1	1	0
1288	3	34.49	55.31	95.38	7.75	0	1	1	1	0
1289	3	34.49	55.31	95.38	7.75	0	1	1	1	0
1290	3	32.39	48.52	62.28	7.75	0	1	1	1	0
1291	3	35.70	62.45	64.88	7.75	0	1	1	1	0
1292	3	42.61	60.07	78.95	7.75	0	1	1	1	0
1293	2	47.88	66.70	58.08	7.75	0	1	1	1	0
1294	2	47.88	66.70	58.08	7.75	0	1	1	1	0
1295	2	47.88	66.70	58.08	7.75	0	1	1	1	0
1296	2	47.49	67.83	60.83	7.75	0	1	1	1	0
1297	2	45.23	68.22	75.12	7.75	0	1	1	1	0
1298	2	37.91	68.40	66.83	7.75	0	1	1	1	0
1299	2	43.83	63.99	65.73	7.75	0	1	1	1	0
1300	2	46.91	68.04	65.05	7.75	0	1	1	1	0
1301	2	29.35	68.65	96.00	7.75	0	1	1	1	0
1302	2	29.35	68.65	96.00	7.75	0	1	1	1	0
1303	2	28.77	44.54	43.25	7.75	0	1	1	1	0
1304	2	28.77	44.54	43.25	7.75	0	1	1	1	0
1305	2	28.77	44.54	43.25	7.75	0	1	1	1	0
1306	2	28.77	44.54	43.25	7.75	0	1	1	1	0
1307	2	46.38	68.28	50.02	7.75	0	1	1	1	0
1308	2	46.38	68.28	50.02	7.75	0	1	1	1	0
1309	2	46.38	68.28	50.02	7.75	0	1	1	1	0
1310	2	46.38	68.28	50.02	7.75	0	1	1	1	0
1311	2	46.38	68.28	50.02	7.75	0	1	1	1	0
1312	2	45.64	64.62	70.65	7.75	0	1	1	1	0
1313	2	33.58	52.90	66.50	7.75	0	1	1	1	0
1314	2	49.68	66.30	72.33	7.75	0	1	1	1	0
1315	2	39.78	63.26	72.58	7.75	0	1	1	1	0
1316	2	32.39	68.13	83.83	7.75	0	1	1	1	0
1317	2	32.39	68.13	83.83	7.75	0	1	1	1	0
1318	2	32.39	68.13	83.83	7.75	0	1	1	1	0
1319	2	37.01	63.72	52.98	7.75	0	1	1	1	0
1320	2	39.74	67.65	68.62	7.75	0	1	1	1	0
1321	2	36.83	68.28	69.77	7.75	0	1	1	1	0
1322	2	36.83	68.28	69.77	7.75	0	1	1	1	0
1323	2	45.88	65.15	76.17	7.75	0	1	1	1	0
1324	2	45.00	68.32	54.67	7.75	0	1	1	1	0
1325	2	45.00	68.32	54.67	7.75	0	1	1	1	0
1326	2	45.00	68.32	54.67	7.75	0	1	1	1	0
1327	2	45.00	68.32	54.67	7.75	0	1	1	1	0
1328	2	26.60	65.32	90.98	7.75	0	1	1	1	0
1329	2	26.60	65.32	90.98	7.75	0	1	1	1	0
1330	2	26.60	65.32	90.98	7.75	0	1	1	1	0
1331	2	32.89	60.00	53.97	7.75	0	1	1	1	0
1332	2	34.88	55.12	70.42	7.75	0	1	1	1	0
1333	2	38.74	72.83	70.82	7.75	0	1	1	1	0
1334	2	29.15	51.41	55.22	7.75	0	1	1	1	0
1335	2	7.91	14.63	51.48	7.75	0	1	1	1	0
1336	2	41.98	68.27	66.68	7.75	0	1	1	1	0
1337	2	14.44	33.72	42.67	7.75	0	1	1	1	0
1338	2	30.50	56.74	52.38	7.75	0	1	1	1	0
1339	2	42.61	68.48	76.60	7.75	0	1	1	1	0
1340	2	12.87	23.64	61.18	7.75	0	1	1	1	0
1341	2	12.87	23.64	61.18	7.75	0	1	1	1	0
1342	2	12.87	23.64	61.18	7.75	0	1	1	1	0
1343	2	16.39	25.77	99.99	7.75	0	1	1	1	0
1344	2	38.90	68.51	79.63	7.75	0	1	1	1	0
1345	2	42.13	72.27	73.55	7.75	0	1	1	1	0
1346	2	26.00	43.42	80.20	7.75	0	1	1	1	0
1347	2	9.26	43.15	61.57	7.75	0	1	1	1	0
1348	2	52.91	67.21	81.78	7.75	0	1	1	1	0
1349	2	47.88	66.70	58.08	7.75	0	1	1	1	0
1350	2	16.15	27.71	38.62	7.75	0	1	1	1	0
1351	2	16.15	27.71	38.62	7.75	0	1	1	1	0
1352	2	16.15	27.71	38.62	7.75	0	1	1	1	0
1353	2	37.91	68.40	66.83	7.75	0	1	1	1	0
1354	2	24.58	48.90	58.77	7.75	0	1	1	1	0
1355	2	24.58	48.90	58.77	7.75	0	1	1	1	0
1356	2	29.35	68.65	96.00	7.75	0	1	1	1	0
1357	2	33.02	52.32	64.75	7.75	0	1	1	1	0
1358	2	38.82	64.11	77.08	7.75	0	1	1	1	0
1359	2	23.01	37.59	50.53	7.75	0	1	1	1	0
1360	2	20.37	54.89	54.23	7.75	0	1	1	1	0
1361	2	38.81	73.00	99.77	7.75	0	1	1	1	0
1362	2	32.39	68.13	83.83	7.75	0	1	1	1	0
1363	2	22.18	68.79	109.45	7.75	0	1	1	1	0
1364	2	17.11	29.05	38.32	7.75	0	1	1	1	0
1365	2	28.16	43.62	68.22	7.75	0	1	1	1	0
1366	2	28.16	43.62	68.22	7.75	0	1	1	1	0
1367	2	37.20	54.92	51.08	7.75	0	1	1	1	0
1368	2	14.44	33.72	42.67	7.75	0	1	1	1	0
1369	2	29.52	52.74	76.78	7.75	0	1	1	1	0
1370	2	12.87	23.64	61.18	7.75	0	1	1	1	0
1371	2	12.87	23.64	61.18	7.75	0	1	1	1	0
1372	2	12.87	23.64	61.18	7.75	0	1	1	1	0
1373	2	24.69	44.12	75.77	7.75	0	1	1	1	0
1374	2	13.97	30.76	37.17	7.75	0	1	1	1	0
1375	3	47.88	66.70	58.08	7.75	0	1	1	1	0
1376	3	16.15	27.71	38.62	7.75	0	1	1	1	0
1377	3	45.23	68.22	75.12	7.75	0	1	1	1	0
1378	3	45.23	68.22	75.12	7.75	0	1	1	1	0
1379	3	37.91	68.40	66.83	7.75	0	1	1	1	0
1380	3	42.80	66.83	70.38	7.75	0	1	1	1	0
1381	3	39.88	68.49	74.75	7.75	0	1	1	1	0
1382	3	39.88	68.49	74.75	7.75	0	1	1	1	0
1383	3	39.88	68.49	74.75	7.75	0	1	1	1	0
1384	3	46.38	68.28	50.02	7.75	0	1	1	1	0
1385	3	46.38	68.28	50.02	7.75	0	1	1	1	0
1386	3	46.38	68.28	50.02	7.75	0	1	1	1	0
1387	3	31.08	69.88	87.90	7.75	0	1	1	1	0
1388	3	39.78	63.26	72.58	7.75	0	1	1	1	0
1389	3	39.74	67.65	68.62	7.75	0	1	1	1	0
1390	3	42.61	68.48	76.60	7.75	0	1	1	1	0
1391	3	42.61	68.48	76.60	7.75	0	1	1	1	0
1392	3	9.98	44.24	31.47	7.75	0	1	1	1	0
1393	3	35.06	68.52	72.22	7.75	0	1	1	1	0
1394	3	16.15	27.71	38.62	7.75	0	1	1	1	0
1395	3	16.15	27.71	38.62	7.75	0	1	1	1	0
1396	3	37.91	68.40	66.83	7.75	0	1	1	1	0
1397	3	37.91	68.40	66.83	7.75	0	1	1	1	0
1398	3	33.84	68.44	73.08	7.75	0	1	1	1	0
1399	3	37.28	68.68	77.38	7.75	0	1	1	1	0
1400	3	23.01	37.59	50.53	7.75	0	1	1	1	0
1401	3	36.83	68.28	69.77	7.75	0	1	1	1	0
1402	3	32.79	77.91	93.58	7.75	0	1	1	1	0
1403	3	32.79	77.91	93.58	7.75	0	1	1	1	0
1404	3	28.16	43.62	68.22	7.75	0	1	1	1	0
1405	3	31.67	53.96	64.22	7.75	0	1	1	1	0
1406	3	18.30	44.50	40.57	7.75	0	1	1	1	0
1407	3	18.30	44.50	40.57	7.75	0	1	1	1	0
1408	3	12.87	23.64	61.18	7.75	0	1	1	1	0
1409	3	26.10	49.49	73.55	7.75	0	1	1	1	0
1410	3	36.45	69.68	97.67	7.75	0	1	1	1	0
1411	2	36.45	69.68	97.67	7.75	0	1	1	1	0
1412	2	28.25	68.79	100.62	7.75	0	1	1	1	0
1413	2	35.06	68.52	72.22	7.75	0	1	1	1	0
1414	2	47.49	67.83	60.83	7.75	0	1	1	1	0
1415	2	47.49	67.83	60.83	7.75	0	1	1	1	0
1416	2	47.17	63.97	63.78	7.75	0	1	1	1	0
1417	2	47.17	63.97	63.78	7.75	0	1	1	1	0
1418	2	35.34	61.67	55.02	7.75	0	1	1	1	0
1419	2	34.71	55.47	67.52	7.75	0	1	1	1	0
1420	2	33.20	68.79	96.25	7.75	0	1	1	1	0
1421	2	48.21	67.07	74.53	7.75	0	1	1	1	0
1422	2	45.33	63.91	72.52	7.75	0	1	1	1	0
1423	2	37.91	68.40	66.83	7.75	0	1	1	1	0
1424	2	37.61	60.26	55.13	7.75	0	1	1	1	0
1425	2	37.61	60.26	55.13	7.75	0	1	1	1	0
1426	2	42.80	66.83	70.38	7.75	0	1	1	1	0
1427	2	42.80	66.83	70.38	7.75	0	1	1	1	0
1428	2	42.80	66.83	70.38	7.75	0	1	1	1	0
1429	2	29.51	65.62	92.75	7.75	0	1	1	1	0
1430	2	33.84	68.44	73.08	7.75	0	1	1	1	0
1431	2	38.70	68.94	81.00	7.75	0	1	1	1	0
1432	2	38.70	68.94	81.00	7.75	0	1	1	1	0
1433	2	38.70	68.94	81.00	7.75	0	1	1	1	0
1434	2	39.88	68.49	74.75	7.75	0	1	1	1	0
1435	2	39.88	68.49	74.75	7.75	0	1	1	1	0
1436	2	39.88	68.49	74.75	7.75	0	1	1	1	0
1437	2	28.77	44.54	43.25	7.75	0	1	1	1	0
1438	2	28.77	44.54	43.25	7.75	0	1	1	1	0
1439	2	28.77	44.54	43.25	7.75	0	1	1	1	0
1440	2	33.02	52.32	64.75	7.75	0	1	1	1	0
1441	2	46.38	68.28	50.02	7.75	0	1	1	1	0
1442	2	46.38	68.28	50.02	7.75	0	1	1	1	0
1443	2	46.38	68.28	50.02	7.75	0	1	1	1	0
1444	2	46.38	68.28	50.02	7.75	0	1	1	1	0
1445	2	46.38	68.28	50.02	7.75	0	1	1	1	0
1446	2	38.82	64.11	77.08	7.75	0	1	1	1	0
1447	2	45.64	64.62	70.65	7.75	0	1	1	1	0
1448	2	31.08	69.88	87.90	7.75	0	1	1	1	0
1449	2	39.78	63.26	72.58	7.75	0	1	1	1	0
1450	2	39.78	63.26	72.58	7.75	0	1	1	1	0
1451	2	32.39	68.13	83.83	7.75	0	1	1	1	0
1452	2	36.83	68.28	69.77	7.75	0	1	1	1	0
1453	2	40.13	65.83	78.90	7.75	0	1	1	1	0
1454	2	40.13	65.83	78.90	7.75	0	1	1	1	0
1455	2	40.13	65.83	78.90	7.75	0	1	1	1	0
1456	2	32.89	62.35	93.37	7.75	0	1	1	1	0
1457	2	39.65	68.63	83.62	7.75	0	1	1	1	0
1458	2	39.09	60.05	76.72	7.75	0	1	1	1	0
1459	2	37.74	56.60	75.45	7.75	0	1	1	1	0
1460	2	34.88	55.12	70.42	7.75	0	1	1	1	0
1461	2	13.88	48.47	35.27	7.75	0	1	1	1	0
1462	2	38.74	72.83	70.82	7.75	0	1	1	1	0
1463	2	38.74	72.83	70.82	7.75	0	1	1	1	0
1464	2	17.05	51.07	39.83	7.75	0	1	1	1	0
1465	2	41.98	68.27	66.68	7.75	0	1	1	1	0
1466	2	41.98	68.27	66.68	7.75	0	1	1	1	0
1467	2	28.16	43.62	68.22	7.75	0	1	1	1	0
1468	2	37.20	54.92	51.08	7.75	0	1	1	1	0
1469	2	31.67	53.96	64.22	7.75	0	1	1	1	0
1470	2	14.44	33.72	42.67	7.75	0	1	1	1	0
1471	2	20.61	50.63	51.68	7.75	0	1	1	1	0
1472	2	18.30	44.50	40.57	7.75	0	1	1	1	0
1473	2	42.61	68.48	76.60	7.75	0	1	1	1	0
1474	2	42.61	68.48	76.60	7.75	0	1	1	1	0
1475	2	42.61	68.48	76.60	7.75	0	1	1	1	0
1476	2	42.61	68.48	76.60	7.75	0	1	1	1	0
1477	2	26.10	49.49	73.55	7.75	0	1	1	1	0
1478	2	32.39	48.52	62.28	7.75	0	1	1	1	0
1479	2	32.39	48.52	62.28	7.75	0	1	1	1	0
1480	2	27.50	49.27	56.28	7.75	0	1	1	1	0
1481	2	9.26	43.15	61.57	7.75	0	1	1	1	0
1482	3	35.06	68.52	72.22	7.75	0	1	1	1	0
1483	3	40.19	68.18	62.23	7.75	0	1	1	1	0
1484	3	39.65	68.63	83.62	7.75	0	1	1	1	0
1485	3	32.79	77.91	93.58	7.75	0	1	1	1	0
1486	3	7.91	14.63	51.48	7.75	0	1	1	1	0
1487	3	12.87	23.64	61.18	7.75	0	1	1	1	0
1488	3	47.49	67.83	60.83	7.75	0	1	1	1	0
1489	3	47.49	67.83	60.83	7.75	0	1	1	1	0
1490	3	40.19	68.18	62.23	7.75	0	1	1	1	0
1491	3	26.37	42.95	65.53	7.75	0	1	1	1	0
1492	3	45.23	68.22	75.12	7.75	0	1	1	1	0
1493	3	37.91	68.40	66.83	7.75	0	1	1	1	0
1494	3	49.08	64.83	71.12	7.75	0	1	1	1	0
1495	3	49.08	64.83	71.12	7.75	0	1	1	1	0
1496	3	42.80	66.83	70.38	7.75	0	1	1	1	0
1497	3	33.84	68.44	73.08	7.75	0	1	1	1	0
1498	3	33.84	68.44	73.08	7.75	0	1	1	1	0
1499	3	46.91	68.04	65.05	7.75	0	1	1	1	0
1500	3	46.91	68.04	65.05	7.75	0	1	1	1	0
1501	3	29.35	68.65	96.00	7.75	0	1	1	1	0
1502	3	29.35	68.65	96.00	7.75	0	1	1	1	0
1503	3	28.77	44.54	43.25	7.75	0	1	1	1	0
1504	3	28.77	44.54	43.25	7.75	0	1	1	1	0
1505	3	28.77	44.54	43.25	7.75	0	1	1	1	0
1506	3	37.28	68.68	77.38	7.75	0	1	1	1	0
1507	3	37.28	68.68	77.38	7.75	0	1	1	1	0
1508	3	46.38	68.28	50.02	7.75	0	1	1	1	0
1509	3	46.38	68.28	50.02	7.75	0	1	1	1	0
1510	3	38.82	64.11	77.08	7.75	0	1	1	1	0
1511	3	38.82	64.11	77.08	7.75	0	1	1	1	0
1512	3	38.82	64.11	77.08	7.75	0	1	1	1	0
1513	3	32.39	68.13	83.83	7.75	0	1	1	1	0
1514	3	32.39	68.13	83.83	7.75	0	1	1	1	0
1515	3	45.00	68.32	54.67	7.75	0	1	1	1	0
1516	3	39.09	60.05	76.72	7.75	0	1	1	1	0
1517	3	28.16	43.62	68.22	7.75	0	1	1	1	0
1518	3	37.20	54.92	51.08	7.75	0	1	1	1	0
1519	3	37.20	54.92	51.08	7.75	0	1	1	1	0
1520	3	37.20	54.92	51.08	7.75	0	1	1	1	0
1521	3	26.10	49.49	73.55	7.75	0	1	1	1	0
1522	3	42.13	72.27	73.55	7.75	0	1	1	1	0
1523	3	47.49	67.83	60.83	7.75	0	1	1	1	0
1524	3	29.51	65.62	92.75	7.75	0	1	1	1	0
1525	3	29.51	65.62	92.75	7.75	0	1	1	1	0
1526	3	33.84	68.44	73.08	7.75	0	1	1	1	0
1527	3	29.35	68.65	96.00	7.75	0	1	1	1	0
1528	3	31.08	69.88	87.90	7.75	0	1	1	1	0
1529	3	40.13	65.83	78.90	7.75	0	1	1	1	0
1530	3	28.16	43.62	68.22	7.75	0	1	1	1	0
1531	3	28.16	43.62	68.22	7.75	0	1	1	1	0
1532	3	38.90	68.51	79.63	7.75	0	1	1	1	0
1533	3	38.90	68.51	79.63	7.75	0	1	1	1	0
1534	3	35.34	61.67	55.02	7.75	0	1	1	1	0
1535	4	40.19	68.18	62.23	7.75	0	1	1	1	1
1536	4	37.61	60.26	55.13	7.75	0	1	1	1	1
1537	4	46.91	68.04	65.05	7.75	0	1	1	1	1
1538	4	39.74	67.65	68.62	7.75	0	1	1	1	1
1539	4	25.56	52.88	43.87	7.75	0	1	1	1	1
1540	4	7.91	14.63	51.48	7.75	0	1	1	1	1
1541	4	7.91	14.63	51.48	7.75	0	1	1	1	1
1542	4	14.13	23.35	42.40	7.75	0	1	1	1	1
1543	4	37.34	71.14	88.00	7.75	0	1	1	1	1
1544	3	45.33	63.91	72.52	7.75	0	1	1	1	0
1545	3	23.01	37.59	50.53	7.75	0	1	1	1	0
1546	3	14.13	23.35	42.40	7.75	0	1	1	1	0
1547	3	26.37	42.95	65.53	7.75	0	1	1	1	0
1548	3	26.37	42.95	65.53	7.75	0	1	1	1	0
1549	3	26.37	42.95	65.53	7.75	0	1	1	1	0
1550	3	26.37	42.95	65.53	7.75	0	1	1	1	0
1551	3	26.37	42.95	65.53	7.75	0	1	1	1	0
1552	3	26.37	42.95	65.53	7.75	0	1	1	1	0
1553	3	29.35	68.65	96.00	7.75	0	1	1	1	0
1554	4	26.37	42.95	65.53	7.75	0	1	1	1	1
1555	1	45.23	68.22	75.12	7.75	0	1	1	1	0
1556	3	37.91	68.40	66.83	7.75	0	1	1	1	0
1557	3	37.91	68.40	66.83	7.75	0	1	1	1	0
1558	3	37.61	60.26	55.13	7.75	0	1	1	1	0
1559	3	37.91	68.40	66.83	7.75	0	1	1	1	0
1560	3	46.38	68.28	50.02	7.75	0	1	1	1	0
1561	3	38.90	68.51	79.63	7.75	0	1	1	1	0
1562	3	42.80	66.83	70.38	7.75	0	1	1	1	0
1563	3	14.13	23.35	42.40	7.75	0	1	1	1	0
1564	3	46.91	68.04	65.05	7.75	0	1	1	1	0
1565	3	40.13	65.83	78.90	7.75	0	1	1	1	0
1566	3	42.61	68.48	76.60	7.75	0	1	1	1	0
1567	3	22.67	42.85	93.12	7.75	0	1	1	1	0
1568	3	38.90	68.51	79.63	7.75	0	1	1	1	0
1569	3	46.91	68.04	65.05	7.75	0	1	1	1	0
1570	3	39.88	68.49	74.75	7.75	0	1	1	1	0
1571	3	39.88	68.49	74.75	7.75	0	1	1	1	0
1572	3	39.88	68.49	74.75	7.75	0	1	1	1	0
1573	3	39.88	68.49	74.75	7.75	0	1	1	1	0
1574	3	38.81	73.00	99.77	7.75	0	1	1	1	0
1575	2	46.38	68.28	50.02	7.75	0	1	1	1	0
1576	2	40.13	65.83	78.90	7.75	0	1	1	1	0
1577	2	19.22	39.23	42.43	7.75	0	1	1	1	0
1578	2	37.25	68.79	89.02	7.75	0	1	1	1	0
1579	3	33.58	52.90	66.50	7.75	0	1	1	1	0
1580	3	39.78	63.26	72.58	7.75	0	1	1	1	0
1581	3	22.67	42.85	93.12	7.75	0	1	1	1	0
1582	3	38.90	68.51	79.63	7.75	0	1	1	1	0
1583	3	39.78	63.26	72.58	7.75	0	1	1	1	0
1584	3	17.11	29.05	38.32	7.75	0	1	1	1	0
1585	3	32.79	77.91	93.58	7.75	0	1	1	1	0
1586	3	36.64	68.89	78.70	7.75	0	1	1	1	0
1587	3	37.20	54.92	51.08	7.75	0	1	1	1	0
1588	3	12.87	23.64	61.18	7.75	0	1	1	1	0
1589	3	36.83	68.28	69.77	7.75	0	1	1	1	0
1590	3	26.60	65.32	90.98	7.75	0	1	1	1	0
1591	3	25.56	52.88	43.87	7.75	0	1	1	1	0
1592	4	28.68	48.72	69.83	7.75	0	1	1	1	1
1593	4	12.87	23.64	61.18	7.75	0	1	1	1	1
1594	4	22.67	42.85	93.12	7.75	0	1	1	1	1
1595	3	19.29	36.28	59.12	7.75	0	1	1	1	0
