ID	CHOICE	TAXI_TT	TAXI_COST	TRANSIT_TT	VISITOR	TRANSIT_COST	FREE_COST	av1	av2	av3	av4	HYPERP
0	1	47.87902275	66.69592392	58.083333333333336	1.0	7.75	0	1	1	1	0	5.776570934275183
1	1	47.87902275	66.69592392	58.083333333333336	1.0	7.75	0	1	1	1	0	5.776570934275183
2	1	47.87902275	66.69592392	58.083333333333336	1.0	7.75	0	1	1	1	0	5.776570934275183
3	1	47.87902275	66.69592392	58.083333333333336	1.0	7.75	0	1	1	1	0	5.776570934275183
4	1	47.87902275	66.69592392	58.083333333333336	1.0	7.75	0	1	1	1	0	5.776570934275183
5	1	47.87902275	66.69592392	58.083333333333336	1.0	7.75	0	1	1	1	0	5.776570934275183
6	1	35.05629031666667	68.52328677	72.21666666666667	0.0	7.75	0	1	1	1	0	1.6354324885625116
7	1	35.05629031666667	68.52328677	72.21666666666667	0.0	7.75	0	1	1	1	0	1.6354324885625116
8	1	35.05629031666667	68.52328677	72.21666666666667	0.0	7.75	0	1	1	1	0	1.6354324885625116
9	1	28.719047616666668	46.05232605	64.05	0.0	7.75	0	1	1	1	0	1.0841011483196914
10	1	47.491121750000005	67.82537809	60.833333333333336	1.0	7.75	0	1	1	1	0	4.50265517937403
11	1	47.491121750000005	67.82537809	60.833333333333336	1.0	7.75	0	1	1	1	0	4.50265517937403
12	1	40.18786431666667	68.17891774	62.233333333333334	0.0	7.75	0	1	1	1	0	2.7411037476369837
13	1	40.18786431666667	68.17891774	62.233333333333334	0.0	7.75	0	1	1	1	0	2.7411037476369837
14	1	48.20560496666667	67.06555236	74.53333333333333	0.0	7.75	0	1	1	1	0	2.2529688674203645
15	1	45.33499255	63.90547715	72.51666666666667	0.0	7.75	0	1	1	1	0	2.065931513599003
16	1	45.33499255	63.90547715	72.51666666666667	0.0	7.75	0	1	1	1	0	2.065931513599003
17	1	45.33499255	63.90547715	72.51666666666667	1.0	7.75	0	1	1	1	0	2.065931513599003
18	1	26.372756516666666	42.94517164	65.53333333333333	1.0	7.75	0	1	1	1	0	0.8987398680251565
19	1	45.23446906666667	68.21929938	75.11666666666666	1.0	7.75	0	1	1	1	0	2.023589435738154
20	1	45.23446906666667	68.21929938	75.11666666666666	1.0	7.75	0	1	1	1	0	2.023589435738154
21	1	40.96838366666667	66.60847718	53.68333333333333	0.0	7.75	0	1	1	1	0	4.629076694994914
22	1	40.96838366666667	66.60847718	53.68333333333333	1.0	7.75	0	1	1	1	0	4.629076694994914
23	1	40.96838366666667	66.60847718	53.68333333333333	0.0	7.75	0	1	1	1	0	4.629076694994914
24	1	37.90719008333334	68.39660218	66.83333333333333	1.0	7.75	0	1	1	1	0	2.096601736908014
25	1	37.90719008333334	68.39660218	66.83333333333333	1.0	7.75	0	1	1	1	0	2.096601736908014
26	1	49.08432460000001	64.82919017	71.11666666666666	0.0	7.75	0	1	1	1	0	2.5907000716168396
27	1	24.584366583333335	48.90327895	58.766666666666666	0.0	7.75	0	1	1	1	0	1.2039353364072065
28	1	37.60855563333333	60.25857119	55.13333333333333	0.0	7.75	0	1	1	1	0	2.9962474896329208
29	1	37.60855563333333	60.25857119	55.13333333333333	0.0	7.75	0	1	1	1	0	2.9962474896329208
30	1	37.60855563333333	60.25857119	55.13333333333333	1.0	7.75	0	1	1	1	0	2.9962474896329208
31	1	37.60855563333333	60.25857119	55.13333333333333	0.0	7.75	0	1	1	1	0	2.9962474896329208
32	1	42.803859966666664	66.83415588	70.38333333333334	0.0	7.75	0	1	1	1	0	2.142323571392439
33	1	42.803859966666664	66.83415588	70.38333333333334	1.0	7.75	0	1	1	1	0	2.142323571392439
34	1	42.803859966666664	66.83415588	70.38333333333334	1.0	7.75	0	1	1	1	0	2.142323571392439
35	1	42.803859966666664	66.83415588	70.38333333333334	0.0	7.75	0	1	1	1	0	2.142323571392439
36	1	42.803859966666664	66.83415588	70.38333333333334	1.0	7.75	0	1	1	1	0	2.142323571392439
37	1	33.837861966666665	68.44091579	73.08333333333333	0.0	7.75	0	1	1	1	0	1.5464437978835983
38	1	46.912685016666664	68.04205471	65.05	0.0	7.75	0	1	1	1	0	3.3241995722852766
39	1	46.912685016666664	68.04205471	65.05	1.0	7.75	0	1	1	1	0	3.3241995722852766
40	1	39.87602955	68.49460435	74.75	0.0	7.75	0	1	1	1	0	1.7418321907765453
41	1	39.87602955	68.49460435	74.75	0.0	7.75	0	1	1	1	0	1.7418321907765453
42	1	33.01922141666667	52.32345148	64.75	1.0	7.75	0	1	1	1	0	1.404738662902281
43	1	46.380616383333326	68.28061554	50.016666666666666	0.0	7.75	0	1	1	1	0	16.647353810659823
44	1	33.58475176666666	52.9011677	66.5	1.0	7.75	0	1	1	1	0	1.371740154591188
45	1	32.313756616666666	47.06751005	75.93333333333334	0.0	7.75	0	1	1	1	0	0.9013730304030464
46	1	32.313756616666666	47.06751005	75.93333333333334	1.0	7.75	0	1	1	1	0	0.9013730304030464
47	1	47.26057888333333	63.6171793	72.18333333333334	0.0	7.75	0	1	1	1	0	2.2416133582698756
48	1	47.26057888333333	63.6171793	72.18333333333334	1.0	7.75	0	1	1	1	0	2.2416133582698756
49	1	28.172507116666665	44.50614743	60.3	0.0	7.75	0	1	1	1	0	1.1440714519329287
50	1	28.172507116666665	44.50614743	60.3	0.0	7.75	0	1	1	1	0	1.1440714519329287
51	1	23.012365583333334	37.59233862	50.53333333333333	0.0	7.75	0	1	1	1	0	1.0843491730046448
52	1	39.77901538333333	63.26119903	72.58333333333333	1.0	7.75	0	1	1	1	0	1.6921918362884298
53	1	16.58888888833333	33.01023753	71.28333333333333	0.0	7.75	0	1	1	1	0	0.4618428395483814
54	1	37.00666666666667	63.71749056	52.983333333333334	0.0	7.75	0	1	1	1	0	3.5030768136866266
55	1	37.00666666666667	63.71749056	52.983333333333334	0.0	7.75	0	1	1	1	0	3.5030768136866266
56	1	25.855555550000002	40.04845634	67.31666666666666	1.0	7.75	0	1	1	1	0	0.7790060485623738
57	1	39.741443000000004	67.64752939	68.61666666666666	0.0	7.75	0	1	1	1	0	2.074357244170727
58	1	39.741443000000004	67.64752939	68.61666666666666	0.0	7.75	0	1	1	1	0	2.074357244170727
59	1	36.641666666666666	68.89495726	78.7	0.0	7.75	0	1	1	1	0	1.4538131308103823
60	1	36.833021	68.28222352	69.76666666666667	0.0	7.75	0	1	1	1	0	1.8380055500890646
61	1	25.558333333333334	52.88347112	43.86666666666667	0.0	7.75	0	1	1	1	0	2.4651873165225306
62	1	40.128275433333336	65.82688167	78.9	0.0	7.75	0	1	1	1	0	1.497918452663584
63	1	40.128275433333336	65.82688167	78.9	1.0	7.75	0	1	1	1	0	1.497918452663584
64	1	45.878313483333336	65.14715183	76.16666666666667	0.0	7.75	0	1	1	1	0	1.895023855624601
65	1	45.878313483333336	65.14715183	76.16666666666667	1.0	7.75	0	1	1	1	0	1.895023855624601
66	1	44.99548133333334	68.31946108	54.666666666666664	0.0	7.75	0	1	1	1	0	6.2628787467485925
67	1	44.99548133333334	68.31946108	54.666666666666664	1.0	7.75	0	1	1	1	0	6.2628787467485925
68	1	17.10849673333333	29.05064175	38.31666666666667	0.0	7.75	0	1	1	1	0	1.0043601978368402
69	1	17.10849673333333	29.05064175	38.31666666666667	0.0	7.75	0	1	1	1	0	1.0043601978368402
70	1	39.09026793333333	60.05021508	76.71666666666667	0.0	7.75	0	1	1	1	0	1.3899872653416359
71	1	39.09026793333333	60.05021508	76.71666666666667	0.0	7.75	0	1	1	1	0	1.3899872653416359
72	1	39.09026793333333	60.05021508	76.71666666666667	0.0	7.75	0	1	1	1	0	1.3899872653416359
73	1	39.09026793333333	60.05021508	76.71666666666667	1.0	7.75	0	1	1	1	0	1.3899872653416359
74	1	39.09026793333333	60.05021508	76.71666666666667	1.0	7.75	0	1	1	1	0	1.3899872653416359
75	1	39.09026793333333	60.05021508	76.71666666666667	0.0	7.75	0	1	1	1	0	1.3899872653416359
76	1	34.8809834	55.11776935	70.41666666666667	0.0	7.75	0	1	1	1	0	1.3329635171087906
77	1	38.735185183333336	72.82606917	70.81666666666666	0.0	7.75	0	1	1	1	0	2.028462095923086
78	1	38.735185183333336	72.82606917	70.81666666666666	0.0	7.75	0	1	1	1	0	2.028462095923086
79	1	7.91004902	14.63331409	51.483333333333334	0.0	7.75	0	1	1	1	0	0.15797097231648707
80	1	31.183333333333334	52.93533586	71.78333333333333	0.0	7.75	0	1	1	1	0	1.1129393068965518
81	1	28.684558816666666	48.72482496	69.83333333333333	0.0	7.75	0	1	1	1	0	0.9957726673829325
82	1	37.19809793333334	54.92187102	51.083333333333336	1.0	7.75	0	1	1	1	0	3.397268368961177
83	1	14.438709676666667	33.72320494	42.666666666666664	1.0	7.75	0	1	1	1	0	0.9201234417779948
84	1	37.96486885	68.01877277	67.43333333333334	0.0	7.75	0	1	1	1	0	2.045195561651561
85	1	24.1979798	40.42082408	61.233333333333334	1.0	7.75	0	1	1	1	0	0.8821523480421193
86	1	28.79375	51.49745749	90.65	0.0	7.75	0	1	1	1	0	0.7072439323431343
87	1	28.79375	51.49745749	90.65	1.0	7.75	0	1	1	1	0	0.7072439323431343
88	1	26.10185185	49.48759994	73.55	0.0	7.75	0	1	1	1	0	0.8796465524440074
89	1	41.44451011666667	66.09756196	56.416666666666664	0.0	7.75	0	1	1	1	0	3.8970713247050583
90	1	29.466611666666665	65.48658724	75.36666666666666	0.0	7.75	0	1	1	1	0	1.2578762103879835
91	1	38.9045977	68.50849737	79.63333333333334	0.0	7.75	0	1	1	1	0	1.4917845208107525
92	1	38.9045977	68.50849737	79.63333333333334	0.0	7.75	0	1	1	1	0	1.4917845208107525
93	1	47.87902275	66.69592392	58.083333333333336	1.0	7.75	0	1	1	1	0	5.776570934275183
94	1	47.87902275	66.69592392	58.083333333333336	0.0	7.75	0	1	1	1	0	5.776570934275183
95	1	47.87902275	66.69592392	58.083333333333336	1.0	7.75	0	1	1	1	0	5.776570934275183
96	1	47.87902275	66.69592392	58.083333333333336	0.0	7.75	0	1	1	1	0	5.776570934275183
97	1	47.87902275	66.69592392	58.083333333333336	1.0	7.75	0	1	1	1	0	5.776570934275183
98	1	47.87902275	66.69592392	58.083333333333336	1.0	7.75	0	1	1	1	0	5.776570934275183
99	1	47.87902275	66.69592392	58.083333333333336	1.0	7.75	0	1	1	1	0	5.776570934275183
100	1	47.87902275	66.69592392	58.083333333333336	1.0	7.75	0	1	1	1	0	5.776570934275183
101	1	47.87902275	66.69592392	58.083333333333336	1.0	7.75	0	1	1	1	0	5.776570934275183
102	1	35.05629031666667	68.52328677	72.21666666666667	0.0	7.75	0	1	1	1	0	1.6354324885625116
103	1	35.05629031666667	68.52328677	72.21666666666667	1.0	7.75	0	1	1	1	0	1.6354324885625116
104	1	35.05629031666667	68.52328677	72.21666666666667	1.0	7.75	0	1	1	1	0	1.6354324885625116
105	1	28.719047616666668	46.05232605	64.05	0.0	7.75	0	1	1	1	0	1.0841011483196914
106	1	47.491121750000005	67.82537809	60.833333333333336	1.0	7.75	0	1	1	1	0	4.50265517937403
107	1	47.491121750000005	67.82537809	60.833333333333336	0.0	7.75	0	1	1	1	0	4.50265517937403
108	1	47.491121750000005	67.82537809	60.833333333333336	0.0	7.75	0	1	1	1	0	4.50265517937403
109	1	47.491121750000005	67.82537809	60.833333333333336	0.0	7.75	0	1	1	1	0	4.50265517937403
110	1	47.491121750000005	67.82537809	60.833333333333336	1.0	7.75	0	1	1	1	0	4.50265517937403
111	1	47.491121750000005	67.82537809	60.833333333333336	1.0	7.75	0	1	1	1	0	4.50265517937403
112	1	47.1661189	63.96542118	63.78333333333333	1.0	7.75	0	1	1	1	0	3.3829629752646495
113	1	35.336666666666666	61.66907149	55.016666666666666	0.0	7.75	0	1	1	1	0	2.739790217987805
114	1	34.70865633333334	55.47388975	67.51666666666667	0.0	7.75	0	1	1	1	0	1.4546413898654487
115	1	40.18786431666667	68.17891774	62.233333333333334	0.0	7.75	0	1	1	1	0	2.7411037476369837
116	1	40.18786431666667	68.17891774	62.233333333333334	0.0	7.75	0	1	1	1	0	2.7411037476369837
117	1	40.18786431666667	68.17891774	62.233333333333334	1.0	7.75	0	1	1	1	0	2.7411037476369837
118	1	40.18786431666667	68.17891774	62.233333333333334	1.0	7.75	0	1	1	1	0	2.7411037476369837
119	1	40.18786431666667	68.17891774	62.233333333333334	1.0	7.75	0	1	1	1	0	2.7411037476369837
120	1	33.2	68.79214545	96.25	0.0	7.75	0	1	1	1	0	0.9681545670103094
121	1	48.20560496666667	67.06555236	74.53333333333333	0.0	7.75	0	1	1	1	0	2.2529688674203645
122	1	48.20560496666667	67.06555236	74.53333333333333	1.0	7.75	0	1	1	1	0	2.2529688674203645
123	1	48.20560496666667	67.06555236	74.53333333333333	0.0	7.75	0	1	1	1	0	2.2529688674203645
124	1	48.20560496666667	67.06555236	74.53333333333333	1.0	7.75	0	1	1	1	0	2.2529688674203645
125	1	48.20560496666667	67.06555236	74.53333333333333	0.0	7.75	0	1	1	1	0	2.2529688674203645
126	1	48.20560496666667	67.06555236	74.53333333333333	0.0	7.75	0	1	1	1	0	2.2529688674203645
127	1	48.20560496666667	67.06555236	74.53333333333333	1.0	7.75	0	1	1	1	0	2.2529688674203645
128	1	16.152380951666668	27.70877356	38.61666666666667	0.0	7.75	0	1	1	1	0	0.888466867507521
129	1	16.152380951666668	27.70877356	38.61666666666667	0.0	7.75	0	1	1	1	0	0.888466867507521
130	1	16.152380951666668	27.70877356	38.61666666666667	1.0	7.75	0	1	1	1	0	0.888466867507521
131	1	16.152380951666668	27.70877356	38.61666666666667	1.0	7.75	0	1	1	1	0	0.888466867507521
132	1	45.33499255	63.90547715	72.51666666666667	1.0	7.75	0	1	1	1	0	2.065931513599003
133	1	45.33499255	63.90547715	72.51666666666667	1.0	7.75	0	1	1	1	0	2.065931513599003
134	1	45.33499255	63.90547715	72.51666666666667	1.0	7.75	0	1	1	1	0	2.065931513599003
135	1	26.372756516666666	42.94517164	65.53333333333333	1.0	7.75	0	1	1	1	0	0.8987398680251565
136	1	26.372756516666666	42.94517164	65.53333333333333	1.0	7.75	0	1	1	1	0	0.8987398680251565
137	1	26.372756516666666	42.94517164	65.53333333333333	0.0	7.75	0	1	1	1	0	0.8987398680251565
138	1	26.372756516666666	42.94517164	65.53333333333333	1.0	7.75	0	1	1	1	0	0.8987398680251565
139	1	26.372756516666666	42.94517164	65.53333333333333	1.0	7.75	0	1	1	1	0	0.8987398680251565
140	1	26.372756516666666	42.94517164	65.53333333333333	1.0	7.75	0	1	1	1	0	0.8987398680251565
141	1	26.372756516666666	42.94517164	65.53333333333333	1.0	7.75	0	1	1	1	0	0.8987398680251565
142	1	26.372756516666666	42.94517164	65.53333333333333	0.0	7.75	0	1	1	1	0	0.8987398680251565
143	1	26.372756516666666	42.94517164	65.53333333333333	1.0	7.75	0	1	1	1	0	0.8987398680251565
144	1	26.372756516666666	42.94517164	65.53333333333333	1.0	7.75	0	1	1	1	0	0.8987398680251565
145	1	26.372756516666666	42.94517164	65.53333333333333	1.0	7.75	0	1	1	1	0	0.8987398680251565
146	1	45.23446906666667	68.21929938	75.11666666666666	1.0	7.75	0	1	1	1	0	2.023589435738154
147	1	40.96838366666667	66.60847718	53.68333333333333	0.0	7.75	0	1	1	1	0	4.629076694994914
148	1	40.96838366666667	66.60847718	53.68333333333333	1.0	7.75	0	1	1	1	0	4.629076694994914
149	1	40.96838366666667	66.60847718	53.68333333333333	1.0	7.75	0	1	1	1	0	4.629076694994914
150	1	37.90719008333334	68.39660218	66.83333333333333	0.0	7.75	0	1	1	1	0	2.096601736908014
151	1	37.90719008333334	68.39660218	66.83333333333333	0.0	7.75	0	1	1	1	0	2.096601736908014
152	1	37.90719008333334	68.39660218	66.83333333333333	0.0	7.75	0	1	1	1	0	2.096601736908014
153	1	37.90719008333334	68.39660218	66.83333333333333	1.0	7.75	0	1	1	1	0	2.096601736908014
154	1	37.90719008333334	68.39660218	66.83333333333333	0.0	7.75	0	1	1	1	0	2.096601736908014
155	1	37.90719008333334	68.39660218	66.83333333333333	0.0	7.75	0	1	1	1	0	2.096601736908014
156	1	37.90719008333334	68.39660218	66.83333333333333	1.0	7.75	0	1	1	1	0	2.096601736908014
157	1	37.90719008333334	68.39660218	66.83333333333333	1.0	7.75	0	1	1	1	0	2.096601736908014
158	1	37.90719008333334	68.39660218	66.83333333333333	1.0	7.75	0	1	1	1	0	2.096601736908014
159	1	37.90719008333334	68.39660218	66.83333333333333	1.0	7.75	0	1	1	1	0	2.096601736908014
160	1	37.90719008333334	68.39660218	66.83333333333333	1.0	7.75	0	1	1	1	0	2.096601736908014
161	1	43.825363483333334	63.99179805	65.73333333333333	0.0	7.75	0	1	1	1	0	2.567184382445186
162	1	43.825363483333334	63.99179805	65.73333333333333	1.0	7.75	0	1	1	1	0	2.567184382445186
163	1	43.825363483333334	63.99179805	65.73333333333333	1.0	7.75	0	1	1	1	0	2.567184382445186
164	1	49.08432460000001	64.82919017	71.11666666666666	1.0	7.75	0	1	1	1	0	2.5907000716168396
165	1	11.388888888333332	37.18657779	35.15	0.0	7.75	0	1	1	1	0	1.2388552728726012
166	1	24.584366583333335	48.90327895	58.766666666666666	1.0	7.75	0	1	1	1	0	1.2039353364072065
167	1	24.584366583333335	48.90327895	58.766666666666666	0.0	7.75	0	1	1	1	0	1.2039353364072065
168	1	37.60855563333333	60.25857119	55.13333333333333	1.0	7.75	0	1	1	1	0	2.9962474896329208
169	1	37.60855563333333	60.25857119	55.13333333333333	0.0	7.75	0	1	1	1	0	2.9962474896329208
170	1	37.60855563333333	60.25857119	55.13333333333333	0.0	7.75	0	1	1	1	0	2.9962474896329208
171	1	37.60855563333333	60.25857119	55.13333333333333	0.0	7.75	0	1	1	1	0	2.9962474896329208
172	1	37.60855563333333	60.25857119	55.13333333333333	1.0	7.75	0	1	1	1	0	2.9962474896329208
173	1	37.60855563333333	60.25857119	55.13333333333333	0.0	7.75	0	1	1	1	0	2.9962474896329208
174	1	42.803859966666664	66.83415588	70.38333333333334	0.0	7.75	0	1	1	1	0	2.142323571392439
175	1	42.803859966666664	66.83415588	70.38333333333334	0.0	7.75	0	1	1	1	0	2.142323571392439
176	1	42.803859966666664	66.83415588	70.38333333333334	0.0	7.75	0	1	1	1	0	2.142323571392439
177	1	42.803859966666664	66.83415588	70.38333333333334	1.0	7.75	0	1	1	1	0	2.142323571392439
178	1	25.599282300000002	48.3684003	73.21666666666667	0.0	7.75	0	1	1	1	0	0.853016200705763
179	1	25.599282300000002	48.3684003	73.21666666666667	0.0	7.75	0	1	1	1	0	0.853016200705763
180	1	29.508333333333333	65.62197309	92.75	0.0	7.75	0	1	1	1	0	0.9150924721043615
181	1	38.30416666666667	77.86252603	101.33333333333333	1.0	7.75	0	1	1	1	0	1.1123822467905071
182	1	33.837861966666665	68.44091579	73.08333333333333	1.0	7.75	0	1	1	1	0	1.5464437978835983
183	1	33.837861966666665	68.44091579	73.08333333333333	0.0	7.75	0	1	1	1	0	1.5464437978835983
184	1	33.837861966666665	68.44091579	73.08333333333333	1.0	7.75	0	1	1	1	0	1.5464437978835983
185	1	33.837861966666665	68.44091579	73.08333333333333	1.0	7.75	0	1	1	1	0	1.5464437978835983
186	1	46.912685016666664	68.04205471	65.05	1.0	7.75	0	1	1	1	0	3.3241995722852766
187	1	46.912685016666664	68.04205471	65.05	1.0	7.75	0	1	1	1	0	3.3241995722852766
188	1	46.912685016666664	68.04205471	65.05	1.0	7.75	0	1	1	1	0	3.3241995722852766
189	1	46.912685016666664	68.04205471	65.05	0.0	7.75	0	1	1	1	0	3.3241995722852766
190	1	46.912685016666664	68.04205471	65.05	1.0	7.75	0	1	1	1	0	3.3241995722852766
191	1	46.912685016666664	68.04205471	65.05	1.0	7.75	0	1	1	1	0	3.3241995722852766
192	1	46.912685016666664	68.04205471	65.05	0.0	7.75	0	1	1	1	0	3.3241995722852766
193	1	46.912685016666664	68.04205471	65.05	1.0	7.75	0	1	1	1	0	3.3241995722852766
194	1	29.3475862	68.65013682	96.0	0.0	7.75	0	1	1	1	0	0.9136973944070425
195	1	29.3475862	68.65013682	96.0	0.0	7.75	0	1	1	1	0	0.9136973944070425
196	1	29.3475862	68.65013682	96.0	1.0	7.75	0	1	1	1	0	0.9136973944070425
197	1	29.3475862	68.65013682	96.0	1.0	7.75	0	1	1	1	0	0.9136973944070425
198	1	29.3475862	68.65013682	96.0	1.0	7.75	0	1	1	1	0	0.9136973944070425
199	1	39.87602955	68.49460435	74.75	1.0	7.75	0	1	1	1	0	1.7418321907765453
200	1	39.87602955	68.49460435	74.75	0.0	7.75	0	1	1	1	0	1.7418321907765453
201	1	39.87602955	68.49460435	74.75	0.0	7.75	0	1	1	1	0	1.7418321907765453
202	1	39.87602955	68.49460435	74.75	0.0	7.75	0	1	1	1	0	1.7418321907765453
203	1	39.87602955	68.49460435	74.75	0.0	7.75	0	1	1	1	0	1.7418321907765453
204	1	39.87602955	68.49460435	74.75	0.0	7.75	0	1	1	1	0	1.7418321907765453
205	1	39.87602955	68.49460435	74.75	0.0	7.75	0	1	1	1	0	1.7418321907765453
206	1	39.87602955	68.49460435	74.75	1.0	7.75	0	1	1	1	0	1.7418321907765453
207	1	28.771428566666668	44.53693126	43.25	1.0	7.75	0	1	1	1	0	2.540784595316302
208	1	28.771428566666668	44.53693126	43.25	1.0	7.75	0	1	1	1	0	2.540784595316302
209	1	37.28069836666667	68.68188962	77.38333333333334	0.0	7.75	0	1	1	1	0	1.519398654742927
210	1	37.28069836666667	68.68188962	77.38333333333334	0.0	7.75	0	1	1	1	0	1.519398654742927
211	1	46.380616383333326	68.28061554	50.016666666666666	0.0	7.75	0	1	1	1	0	16.647353810659823
212	1	46.380616383333326	68.28061554	50.016666666666666	1.0	7.75	0	1	1	1	0	16.647353810659823
213	1	46.380616383333326	68.28061554	50.016666666666666	0.0	7.75	0	1	1	1	0	16.647353810659823
214	1	46.380616383333326	68.28061554	50.016666666666666	1.0	7.75	0	1	1	1	0	16.647353810659823
215	1	46.380616383333326	68.28061554	50.016666666666666	0.0	7.75	0	1	1	1	0	16.647353810659823
216	1	46.380616383333326	68.28061554	50.016666666666666	0.0	7.75	0	1	1	1	0	16.647353810659823
217	1	46.380616383333326	68.28061554	50.016666666666666	0.0	7.75	0	1	1	1	0	16.647353810659823
218	1	46.380616383333326	68.28061554	50.016666666666666	1.0	7.75	0	1	1	1	0	16.647353810659823
219	1	46.380616383333326	68.28061554	50.016666666666666	1.0	7.75	0	1	1	1	0	16.647353810659823
220	1	46.380616383333326	68.28061554	50.016666666666666	1.0	7.75	0	1	1	1	0	16.647353810659823
221	1	38.82397003333333	64.11250404	77.08333333333333	0.0	7.75	0	1	1	1	0	1.473168897193854
222	1	38.82397003333333	64.11250404	77.08333333333333	0.0	7.75	0	1	1	1	0	1.473168897193854
223	1	45.63542676666667	64.62069762	70.65	0.0	7.75	0	1	1	1	0	2.273502613437217
224	1	45.63542676666667	64.62069762	70.65	0.0	7.75	0	1	1	1	0	2.273502613437217
225	1	45.63542676666667	64.62069762	70.65	1.0	7.75	0	1	1	1	0	2.273502613437217
226	1	32.313756616666666	47.06751005	75.93333333333334	0.0	7.75	0	1	1	1	0	0.9013730304030464
227	1	47.26057888333333	63.6171793	72.18333333333334	0.0	7.75	0	1	1	1	0	2.2416133582698756
228	1	47.26057888333333	63.6171793	72.18333333333334	0.0	7.75	0	1	1	1	0	2.2416133582698756
229	1	47.26057888333333	63.6171793	72.18333333333334	0.0	7.75	0	1	1	1	0	2.2416133582698756
230	1	47.26057888333333	63.6171793	72.18333333333334	1.0	7.75	0	1	1	1	0	2.2416133582698756
231	1	47.26057888333333	63.6171793	72.18333333333334	0.0	7.75	0	1	1	1	0	2.2416133582698756
232	1	47.26057888333333	63.6171793	72.18333333333334	0.0	7.75	0	1	1	1	0	2.2416133582698756
233	1	28.172507116666665	44.50614743	60.3	0.0	7.75	0	1	1	1	0	1.1440714519329287
234	1	23.012365583333334	37.59233862	50.53333333333333	0.0	7.75	0	1	1	1	0	1.0843491730046448
235	1	23.012365583333334	37.59233862	50.53333333333333	0.0	7.75	0	1	1	1	0	1.0843491730046448
236	1	20.372463766666666	54.88827995	54.233333333333334	0.0	7.75	0	1	1	1	0	1.392116639449918
237	1	31.075	69.88257372	87.9	0.0	7.75	0	1	1	1	0	1.0934020892212932
238	1	31.075	69.88257372	87.9	1.0	7.75	0	1	1	1	0	1.0934020892212932
239	1	49.67816233333333	66.30087139	72.33333333333333	1.0	7.75	0	1	1	1	0	2.5844374068065967
240	1	49.67816233333333	66.30087139	72.33333333333333	1.0	7.75	0	1	1	1	0	2.5844374068065967
241	1	49.67816233333333	66.30087139	72.33333333333333	1.0	7.75	0	1	1	1	0	2.5844374068065967
242	1	49.67816233333333	66.30087139	72.33333333333333	0.0	7.75	0	1	1	1	0	2.5844374068065967
243	1	38.809999999999995	72.99604381	99.76666666666667	0.0	7.75	0	1	1	1	0	1.0703676460327007
244	1	38.809999999999995	72.99604381	99.76666666666667	1.0	7.75	0	1	1	1	0	1.0703676460327007
245	1	39.77901538333333	63.26119903	72.58333333333333	1.0	7.75	0	1	1	1	0	1.6921918362884298
246	1	39.77901538333333	63.26119903	72.58333333333333	0.0	7.75	0	1	1	1	0	1.6921918362884298
247	1	39.77901538333333	63.26119903	72.58333333333333	1.0	7.75	0	1	1	1	0	1.6921918362884298
248	1	32.3890625	68.12933854	83.83333333333333	0.0	7.75	0	1	1	1	0	1.173684407649864
249	1	32.3890625	68.12933854	83.83333333333333	0.0	7.75	0	1	1	1	0	1.173684407649864
250	1	32.3890625	68.12933854	83.83333333333333	1.0	7.75	0	1	1	1	0	1.173684407649864
251	1	32.3890625	68.12933854	83.83333333333333	0.0	7.75	0	1	1	1	0	1.173684407649864
252	1	32.3890625	68.12933854	83.83333333333333	1.0	7.75	0	1	1	1	0	1.173684407649864
253	1	32.3890625	68.12933854	83.83333333333333	1.0	7.75	0	1	1	1	0	1.173684407649864
254	1	16.58888888833333	33.01023753	71.28333333333333	0.0	7.75	0	1	1	1	0	0.4618428395483814
255	1	25.855555550000002	40.04845634	67.31666666666666	1.0	7.75	0	1	1	1	0	0.7790060485623738
256	1	39.741443000000004	67.64752939	68.61666666666666	0.0	7.75	0	1	1	1	0	2.074357244170727
257	1	36.641666666666666	68.89495726	78.7	0.0	7.75	0	1	1	1	0	1.4538131308103823
258	1	36.641666666666666	68.89495726	78.7	0.0	7.75	0	1	1	1	0	1.4538131308103823
259	1	36.641666666666666	68.89495726	78.7	1.0	7.75	0	1	1	1	0	1.4538131308103823
260	1	36.833021	68.28222352	69.76666666666667	0.0	7.75	0	1	1	1	0	1.8380055500890646
261	1	36.833021	68.28222352	69.76666666666667	0.0	7.75	0	1	1	1	0	1.8380055500890646
262	1	36.833021	68.28222352	69.76666666666667	1.0	7.75	0	1	1	1	0	1.8380055500890646
263	1	36.833021	68.28222352	69.76666666666667	1.0	7.75	0	1	1	1	0	1.8380055500890646
264	1	36.833021	68.28222352	69.76666666666667	1.0	7.75	0	1	1	1	0	1.8380055500890646
265	1	36.833021	68.28222352	69.76666666666667	1.0	7.75	0	1	1	1	0	1.8380055500890646
266	1	42.833333333333336	68.24247048	67.88333333333334	1.0	7.75	0	1	1	1	0	2.4148690810379234
267	1	42.833333333333336	68.24247048	67.88333333333334	0.0	7.75	0	1	1	1	0	2.4148690810379234
268	1	25.558333333333334	52.88347112	43.86666666666667	0.0	7.75	0	1	1	1	0	2.4651873165225306
269	1	40.128275433333336	65.82688167	78.9	0.0	7.75	0	1	1	1	0	1.497918452663584
270	1	34.46666666666667	57.78582513	78.98333333333333	0.0	7.75	0	1	1	1	0	1.1239795985773118
271	1	34.46666666666667	57.78582513	78.98333333333333	0.0	7.75	0	1	1	1	0	1.1239795985773118
272	1	28.382692299999995	50.67282248	40.21666666666667	0.0	7.75	0	1	1	1	0	3.627084287160769
273	1	45.878313483333336	65.14715183	76.16666666666667	0.0	7.75	0	1	1	1	0	1.895023855624601
274	1	44.99548133333334	68.31946108	54.666666666666664	0.0	7.75	0	1	1	1	0	6.2628787467485925
275	1	44.99548133333334	68.31946108	54.666666666666664	0.0	7.75	0	1	1	1	0	6.2628787467485925
276	1	44.99548133333334	68.31946108	54.666666666666664	1.0	7.75	0	1	1	1	0	6.2628787467485925
277	1	39.65392156666667	68.62897643	83.61666666666666	0.0	7.75	0	1	1	1	0	1.3847856017981008
278	1	39.65392156666667	68.62897643	83.61666666666666	0.0	7.75	0	1	1	1	0	1.3847856017981008
279	1	17.10849673333333	29.05064175	38.31666666666667	1.0	7.75	0	1	1	1	0	1.0043601978368402
280	1	17.10849673333333	29.05064175	38.31666666666667	0.0	7.75	0	1	1	1	0	1.0043601978368402
281	1	19.21568626666667	39.23197631	42.43333333333333	0.0	7.75	0	1	1	1	0	1.355950334657225
282	1	19.21568626666667	39.23197631	42.43333333333333	0.0	7.75	0	1	1	1	0	1.355950334657225
283	1	39.09026793333333	60.05021508	76.71666666666667	1.0	7.75	0	1	1	1	0	1.3899872653416359
284	1	32.78888888333333	77.91209095	93.58333333333333	0.0	7.75	0	1	1	1	0	1.1540872128160389
285	1	32.89311848333333	60.001129799999994	53.96666666666667	1.0	7.75	0	1	1	1	0	2.4794652208271413
286	1	32.89311848333333	60.001129799999994	53.96666666666667	0.0	7.75	0	1	1	1	0	2.4794652208271413
287	1	32.89311848333333	60.001129799999994	53.96666666666667	1.0	7.75	0	1	1	1	0	2.4794652208271413
288	1	32.89311848333333	60.001129799999994	53.96666666666667	1.0	7.75	0	1	1	1	0	2.4794652208271413
289	1	32.89311848333333	60.001129799999994	53.96666666666667	1.0	7.75	0	1	1	1	0	2.4794652208271413
290	1	32.89311848333333	60.001129799999994	53.96666666666667	1.0	7.75	0	1	1	1	0	2.4794652208271413
291	1	49.14598841666667	67.33464159	78.6	0.0	7.75	0	1	1	1	0	2.022972029511804
292	1	34.8809834	55.11776935	70.41666666666667	0.0	7.75	0	1	1	1	0	1.3329635171087906
293	1	38.735185183333336	72.82606917	70.81666666666666	0.0	7.75	0	1	1	1	0	2.028462095923086
294	1	29.14728225	51.41066824	55.21666666666667	0.0	7.75	0	1	1	1	0	1.6747870813584258
295	1	29.14728225	51.41066824	55.21666666666667	0.0	7.75	0	1	1	1	0	1.6747870813584258
296	1	7.91004902	14.63331409	51.483333333333334	0.0	7.75	0	1	1	1	0	0.15797097231648707
297	1	7.91004902	14.63331409	51.483333333333334	0.0	7.75	0	1	1	1	0	0.15797097231648707
298	1	7.91004902	14.63331409	51.483333333333334	1.0	7.75	0	1	1	1	0	0.15797097231648707
299	1	7.91004902	14.63331409	51.483333333333334	1.0	7.75	0	1	1	1	0	0.15797097231648707
300	1	29.227777783333337	63.63739365	97.66666666666667	1.0	7.75	0	1	1	1	0	0.8166028783031579
301	1	41.98255793333333	68.26557765	66.68333333333334	0.0	7.75	0	1	1	1	0	2.4499464761741847
302	1	41.98255793333333	68.26557765	66.68333333333334	0.0	7.75	0	1	1	1	0	2.4499464761741847
303	1	41.98255793333333	68.26557765	66.68333333333334	0.0	7.75	0	1	1	1	0	2.4499464761741847
304	1	41.98255793333333	68.26557765	66.68333333333334	0.0	7.75	0	1	1	1	0	2.4499464761741847
305	1	41.98255793333333	68.26557765	66.68333333333334	1.0	7.75	0	1	1	1	0	2.4499464761741847
306	1	24.25	52.04316727	82.9	0.0	7.75	0	1	1	1	0	0.7552117181585677
307	1	37.19809793333334	54.92187102	51.083333333333336	1.0	7.75	0	1	1	1	0	3.397268368961177
308	1	31.6650828	53.96259508	64.21666666666667	0.0	7.75	0	1	1	1	0	1.4196727037704122
309	1	14.438709676666667	33.72320494	42.666666666666664	0.0	7.75	0	1	1	1	0	0.9201234417779948
310	1	37.24702381666667	68.79214545	89.01666666666667	1.0	7.75	0	1	1	1	0	1.1791108087584579
311	1	31.256697816666666	68.45862449	82.73333333333333	0.0	7.75	0	1	1	1	0	1.179343286146669
312	1	31.256697816666666	68.45862449	82.73333333333333	1.0	7.75	0	1	1	1	0	1.179343286146669
313	1	37.96486885	68.01877277	67.43333333333334	1.0	7.75	0	1	1	1	0	2.045195561651561
314	1	18.298900616666668	44.50074113	40.56666666666667	0.0	7.75	0	1	1	1	0	1.6504009000040665
315	1	27.46527778333333	42.82409193	71.71666666666667	1.0	7.75	0	1	1	1	0	0.7926099680728929
316	1	27.483625733333334	51.19727193	59.983333333333334	1.0	7.75	0	1	1	1	0	1.3368511638547789
317	1	27.483625733333334	51.19727193	59.983333333333334	0.0	7.75	0	1	1	1	0	1.3368511638547789
318	1	28.79375	51.49745749	90.65	0.0	7.75	0	1	1	1	0	0.7072439323431343
319	1	28.79375	51.49745749	90.65	1.0	7.75	0	1	1	1	0	0.7072439323431343
320	1	28.79375	51.49745749	90.65	1.0	7.75	0	1	1	1	0	0.7072439323431343
321	1	22.04453125	36.76478031	53.083333333333336	0.0	7.75	0	1	1	1	0	0.9347905963671143
322	1	27.616666666666667	61.73806586	98.68333333333334	1.0	7.75	0	1	1	1	0	0.7596819773921201
323	1	42.60542488333333	68.48165068	76.6	0.0	7.75	0	1	1	1	0	1.7865100673143826
324	1	42.60542488333333	68.48165068	76.6	0.0	7.75	0	1	1	1	0	1.7865100673143826
325	1	42.60542488333333	68.48165068	76.6	1.0	7.75	0	1	1	1	0	1.7865100673143826
326	1	42.60542488333333	68.48165068	76.6	1.0	7.75	0	1	1	1	0	1.7865100673143826
327	1	42.60542488333333	68.48165068	76.6	1.0	7.75	0	1	1	1	0	1.7865100673143826
328	1	39.11666666666667	68.25254165	63.85	0.0	7.75	0	1	1	1	0	2.446194406334232
329	1	26.10185185	49.48759994	73.55	0.0	7.75	0	1	1	1	0	0.8796465524440074
330	1	26.10185185	49.48759994	73.55	1.0	7.75	0	1	1	1	0	0.8796465524440074
331	1	37.34444445	71.13954012	88.0	0.0	7.75	0	1	1	1	0	1.2513837708764406
332	1	30.5	70.57648261	90.55	1.0	7.75	0	1	1	1	0	1.0462361800166529
333	1	22.669047616666667	42.85213151	93.11666666666666	0.0	7.75	0	1	1	1	0	0.49827278740373565
334	1	22.669047616666667	42.85213151	93.11666666666666	0.0	7.75	0	1	1	1	0	0.49827278740373565
335	1	38.9045977	68.50849737	79.63333333333334	1.0	7.75	0	1	1	1	0	1.4917845208107525
336	1	34.49166666666667	55.31445207	95.38333333333334	0.0	7.75	0	1	1	1	0	0.781132372847954
337	1	34.49166666666667	55.31445207	95.38333333333334	1.0	7.75	0	1	1	1	0	0.781132372847954
338	1	42.13125	72.26565513	73.55	0.0	7.75	0	1	1	1	0	2.0534125364630995
339	1	38.975	80.09294749	97.08333333333333	1.0	7.75	0	1	1	1	0	1.2449668290262441
340	1	38.975	80.09294749	97.08333333333333	1.0	7.75	0	1	1	1	0	1.2449668290262441
341	1	16.865503883333336	37.51617299	39.6	0.0	7.75	0	1	1	1	0	1.3092954793125329
342	1	29.6625	54.42228349	106.51666666666667	0.0	7.75	0	1	1	1	0	0.6072837103605314
343	1	29.6625	54.42228349	106.51666666666667	0.0	7.75	0	1	1	1	0	0.6072837103605314
344	1	13.972222221666666	30.76301617	37.166666666666664	1.0	7.75	0	1	1	1	0	0.992177942634918
345	1	48.7519208	65.55642085	76.06666666666666	0.0	7.75	0	1	1	1	0	2.1163082070092996
346	1	30.701909716666663	52.62344859	58.46666666666667	0.0	7.75	0	1	1	1	0	1.6162017434840175
347	1	32.387248316666664	48.52372522	62.28333333333333	1.0	7.75	0	1	1	1	0	1.363848316502619
348	1	31.216666666666665	67.20606797	85.96666666666667	1.0	7.75	0	1	1	1	0	1.0859555793607307
349	3	47.87902275	66.69592392	58.083333333333336	1.0	7.75	0	1	1	1	0	5.776570934275183
350	3	35.05629031666667	68.52328677	72.21666666666667	0.0	7.75	0	1	1	1	0	1.6354324885625116
351	3	48.20560496666667	67.06555236	74.53333333333333	0.0	7.75	0	1	1	1	0	2.2529688674203645
352	3	26.372756516666666	42.94517164	65.53333333333333	1.0	7.75	0	1	1	1	0	0.8987398680251565
353	3	40.96838366666667	66.60847718	53.68333333333333	1.0	7.75	0	1	1	1	0	4.629076694994914
354	3	40.96838366666667	66.60847718	53.68333333333333	1.0	7.75	0	1	1	1	0	4.629076694994914
355	3	40.96838366666667	66.60847718	53.68333333333333	1.0	7.75	0	1	1	1	0	4.629076694994914
356	3	46.912685016666664	68.04205471	65.05	1.0	7.75	0	1	1	1	0	3.3241995722852766
357	3	29.3475862	68.65013682	96.0	0.0	7.75	0	1	1	1	0	0.9136973944070425
358	3	46.380616383333326	68.28061554	50.016666666666666	1.0	7.75	0	1	1	1	0	16.647353810659823
359	3	47.26057888333333	63.6171793	72.18333333333334	0.0	7.75	0	1	1	1	0	2.2416133582698756
360	3	49.67816233333333	66.30087139	72.33333333333333	1.0	7.75	0	1	1	1	0	2.5844374068065967
361	3	47.87902275	66.69592392	58.083333333333336	1.0	7.75	0	1	1	1	0	5.776570934275183
362	3	42.803859966666664	66.83415588	70.38333333333334	0.0	7.75	0	1	1	1	0	2.142323571392439
363	3	33.837861966666665	68.44091579	73.08333333333333	0.0	7.75	0	1	1	1	0	1.5464437978835983
364	3	46.380616383333326	68.28061554	50.016666666666666	1.0	7.75	0	1	1	1	0	16.647353810659823
365	3	34.49166666666667	55.31445207	95.38333333333334	1.0	7.75	0	1	1	1	0	0.781132372847954
366	4	47.87902275	66.69592392	58.083333333333336	1.0	7.75	0	1	1	1	1	5.776570934275183
367	4	47.87902275	66.69592392	58.083333333333336	1.0	7.75	0	1	1	1	1	5.776570934275183
368	4	9.9796875	44.23811717	31.466666666666665	1.0	7.75	0	1	1	1	1	1.698150162802085
369	4	36.454166666666666	69.68431403	97.66666666666667	0.0	7.75	0	1	1	1	1	1.0117919384112721
370	4	36.454166666666666	69.68431403	97.66666666666667	0.0	7.75	0	1	1	1	1	1.0117919384112721
371	4	36.454166666666666	69.68431403	97.66666666666667	1.0	7.75	0	1	1	1	1	1.0117919384112721
372	4	35.05629031666667	68.52328677	72.21666666666667	1.0	7.75	0	1	1	1	1	1.6354324885625116
373	4	28.719047616666668	46.05232605	64.05	1.0	7.75	0	1	1	1	1	1.0841011483196914
374	4	28.719047616666668	46.05232605	64.05	0.0	7.75	0	1	1	1	1	1.0841011483196914
375	4	47.491121750000005	67.82537809	60.833333333333336	0.0	7.75	0	1	1	1	1	4.50265517937403
376	4	47.491121750000005	67.82537809	60.833333333333336	0.0	7.75	0	1	1	1	1	4.50265517937403
377	4	40.18786431666667	68.17891774	62.233333333333334	1.0	7.75	0	1	1	1	1	2.7411037476369837
378	4	40.18786431666667	68.17891774	62.233333333333334	1.0	7.75	0	1	1	1	1	2.7411037476369837
379	4	48.20560496666667	67.06555236	74.53333333333333	1.0	7.75	0	1	1	1	1	2.2529688674203645
380	4	48.20560496666667	67.06555236	74.53333333333333	0.0	7.75	0	1	1	1	1	2.2529688674203645
381	4	16.152380951666668	27.70877356	38.61666666666667	0.0	7.75	0	1	1	1	1	0.888466867507521
382	4	16.152380951666668	27.70877356	38.61666666666667	0.0	7.75	0	1	1	1	1	0.888466867507521
383	4	16.152380951666668	27.70877356	38.61666666666667	1.0	7.75	0	1	1	1	1	0.888466867507521
384	4	16.152380951666668	27.70877356	38.61666666666667	0.0	7.75	0	1	1	1	1	0.888466867507521
385	4	16.152380951666668	27.70877356	38.61666666666667	1.0	7.75	0	1	1	1	1	0.888466867507521
386	4	16.152380951666668	27.70877356	38.61666666666667	1.0	7.75	0	1	1	1	1	0.888466867507521
387	4	45.33499255	63.90547715	72.51666666666667	0.0	7.75	0	1	1	1	1	2.065931513599003
388	4	45.33499255	63.90547715	72.51666666666667	1.0	7.75	0	1	1	1	1	2.065931513599003
389	4	26.372756516666666	42.94517164	65.53333333333333	0.0	7.75	0	1	1	1	1	0.8987398680251565
390	4	26.372756516666666	42.94517164	65.53333333333333	1.0	7.75	0	1	1	1	1	0.8987398680251565
391	4	40.96838366666667	66.60847718	53.68333333333333	1.0	7.75	0	1	1	1	1	4.629076694994914
392	4	40.96838366666667	66.60847718	53.68333333333333	0.0	7.75	0	1	1	1	1	4.629076694994914
393	4	37.90719008333334	68.39660218	66.83333333333333	0.0	7.75	0	1	1	1	1	2.096601736908014
394	4	37.90719008333334	68.39660218	66.83333333333333	1.0	7.75	0	1	1	1	1	2.096601736908014
395	4	37.90719008333334	68.39660218	66.83333333333333	1.0	7.75	0	1	1	1	1	2.096601736908014
396	4	37.90719008333334	68.39660218	66.83333333333333	1.0	7.75	0	1	1	1	1	2.096601736908014
397	4	37.90719008333334	68.39660218	66.83333333333333	1.0	7.75	0	1	1	1	1	2.096601736908014
398	4	37.90719008333334	68.39660218	66.83333333333333	1.0	7.75	0	1	1	1	1	2.096601736908014
399	4	43.825363483333334	63.99179805	65.73333333333333	1.0	7.75	0	1	1	1	1	2.567184382445186
400	4	11.388888888333332	37.18657779	35.15	0.0	7.75	0	1	1	1	1	1.2388552728726012
401	4	37.60855563333333	60.25857119	55.13333333333333	0.0	7.75	0	1	1	1	1	2.9962474896329208
402	4	37.60855563333333	60.25857119	55.13333333333333	0.0	7.75	0	1	1	1	1	2.9962474896329208
403	4	37.60855563333333	60.25857119	55.13333333333333	1.0	7.75	0	1	1	1	1	2.9962474896329208
404	4	42.803859966666664	66.83415588	70.38333333333334	1.0	7.75	0	1	1	1	1	2.142323571392439
405	4	25.599282300000002	48.3684003	73.21666666666667	1.0	7.75	0	1	1	1	1	0.853016200705763
406	4	25.599282300000002	48.3684003	73.21666666666667	1.0	7.75	0	1	1	1	1	0.853016200705763
407	4	29.508333333333333	65.62197309	92.75	1.0	7.75	0	1	1	1	1	0.9150924721043615
408	4	38.30416666666667	77.86252603	101.33333333333333	0.0	7.75	0	1	1	1	1	1.1123822467905071
409	4	38.30416666666667	77.86252603	101.33333333333333	0.0	7.75	0	1	1	1	1	1.1123822467905071
410	4	38.30416666666667	77.86252603	101.33333333333333	0.0	7.75	0	1	1	1	1	1.1123822467905071
411	4	33.837861966666665	68.44091579	73.08333333333333	0.0	7.75	0	1	1	1	1	1.5464437978835983
412	4	33.837861966666665	68.44091579	73.08333333333333	1.0	7.75	0	1	1	1	1	1.5464437978835983
413	4	33.837861966666665	68.44091579	73.08333333333333	1.0	7.75	0	1	1	1	1	1.5464437978835983
414	4	33.837861966666665	68.44091579	73.08333333333333	1.0	7.75	0	1	1	1	1	1.5464437978835983
415	4	46.912685016666664	68.04205471	65.05	1.0	7.75	0	1	1	1	1	3.3241995722852766
416	4	46.912685016666664	68.04205471	65.05	0.0	7.75	0	1	1	1	1	3.3241995722852766
417	4	38.70357143333333	68.93829116	81.0	1.0	7.75	0	1	1	1	1	1.4466538484107805
418	4	29.3475862	68.65013682	96.0	0.0	7.75	0	1	1	1	1	0.9136973944070425
419	4	29.3475862	68.65013682	96.0	0.0	7.75	0	1	1	1	1	0.9136973944070425
420	4	39.87602955	68.49460435	74.75	1.0	7.75	0	1	1	1	1	1.7418321907765453
421	4	39.87602955	68.49460435	74.75	0.0	7.75	0	1	1	1	1	1.7418321907765453
422	4	39.87602955	68.49460435	74.75	1.0	7.75	0	1	1	1	1	1.7418321907765453
423	4	39.87602955	68.49460435	74.75	1.0	7.75	0	1	1	1	1	1.7418321907765453
424	4	28.771428566666668	44.53693126	43.25	0.0	7.75	0	1	1	1	1	2.540784595316302
425	4	28.771428566666668	44.53693126	43.25	1.0	7.75	0	1	1	1	1	2.540784595316302
426	4	37.28069836666667	68.68188962	77.38333333333334	0.0	7.75	0	1	1	1	1	1.519398654742927
427	4	37.28069836666667	68.68188962	77.38333333333334	0.0	7.75	0	1	1	1	1	1.519398654742927
428	4	37.28069836666667	68.68188962	77.38333333333334	1.0	7.75	0	1	1	1	1	1.519398654742927
429	4	46.380616383333326	68.28061554	50.016666666666666	0.0	7.75	0	1	1	1	1	16.647353810659823
430	4	46.380616383333326	68.28061554	50.016666666666666	0.0	7.75	0	1	1	1	1	16.647353810659823
431	4	46.380616383333326	68.28061554	50.016666666666666	1.0	7.75	0	1	1	1	1	16.647353810659823
432	4	46.380616383333326	68.28061554	50.016666666666666	1.0	7.75	0	1	1	1	1	16.647353810659823
433	4	46.380616383333326	68.28061554	50.016666666666666	1.0	7.75	0	1	1	1	1	16.647353810659823
434	4	38.82397003333333	64.11250404	77.08333333333333	0.0	7.75	0	1	1	1	1	1.473168897193854
435	4	38.82397003333333	64.11250404	77.08333333333333	0.0	7.75	0	1	1	1	1	1.473168897193854
436	4	38.82397003333333	64.11250404	77.08333333333333	0.0	7.75	0	1	1	1	1	1.473168897193854
437	4	14.266666666666667	35.09196422	69.71666666666667	0.0	7.75	0	1	1	1	1	0.49309223119927864
438	4	45.63542676666667	64.62069762	70.65	1.0	7.75	0	1	1	1	1	2.273502613437217
439	4	33.58475176666666	52.9011677	66.5	1.0	7.75	0	1	1	1	1	1.371740154591188
440	4	33.58475176666666	52.9011677	66.5	0.0	7.75	0	1	1	1	1	1.371740154591188
441	4	32.313756616666666	47.06751005	75.93333333333334	0.0	7.75	0	1	1	1	1	0.9013730304030464
442	4	32.313756616666666	47.06751005	75.93333333333334	0.0	7.75	0	1	1	1	1	0.9013730304030464
443	4	32.313756616666666	47.06751005	75.93333333333334	1.0	7.75	0	1	1	1	1	0.9013730304030464
444	4	47.26057888333333	63.6171793	72.18333333333334	1.0	7.75	0	1	1	1	1	2.2416133582698756
445	4	47.26057888333333	63.6171793	72.18333333333334	1.0	7.75	0	1	1	1	1	2.2416133582698756
446	4	47.26057888333333	63.6171793	72.18333333333334	1.0	7.75	0	1	1	1	1	2.2416133582698756
447	4	47.26057888333333	63.6171793	72.18333333333334	0.0	7.75	0	1	1	1	1	2.2416133582698756
448	4	28.172507116666665	44.50614743	60.3	0.0	7.75	0	1	1	1	1	1.1440714519329287
449	4	28.172507116666665	44.50614743	60.3	1.0	7.75	0	1	1	1	1	1.1440714519329287
450	4	23.012365583333334	37.59233862	50.53333333333333	0.0	7.75	0	1	1	1	1	1.0843491730046448
451	4	28.25	68.79214545	100.61666666666666	1.0	7.75	0	1	1	1	1	0.8435119131736528
452	4	20.372463766666666	54.88827995	54.233333333333334	0.0	7.75	0	1	1	1	1	1.392116639449918
453	4	49.67816233333333	66.30087139	72.33333333333333	0.0	7.75	0	1	1	1	1	2.5844374068065967
454	4	38.809999999999995	72.99604381	99.76666666666667	0.0	7.75	0	1	1	1	1	1.0703676460327007
455	4	39.77901538333333	63.26119903	72.58333333333333	0.0	7.75	0	1	1	1	1	1.6921918362884298
456	4	39.77901538333333	63.26119903	72.58333333333333	0.0	7.75	0	1	1	1	1	1.6921918362884298
457	4	32.3890625	68.12933854	83.83333333333333	1.0	7.75	0	1	1	1	1	1.173684407649864
458	4	32.3890625	68.12933854	83.83333333333333	1.0	7.75	0	1	1	1	1	1.173684407649864
459	4	16.58888888833333	33.01023753	71.28333333333333	0.0	7.75	0	1	1	1	1	0.4618428395483814
460	4	16.58888888833333	33.01023753	71.28333333333333	0.0	7.75	0	1	1	1	1	0.4618428395483814
461	4	16.58888888833333	33.01023753	71.28333333333333	0.0	7.75	0	1	1	1	1	0.4618428395483814
462	4	16.58888888833333	33.01023753	71.28333333333333	0.0	7.75	0	1	1	1	1	0.4618428395483814
463	4	37.00666666666667	63.71749056	52.983333333333334	1.0	7.75	0	1	1	1	1	3.5030768136866266
464	4	37.00666666666667	63.71749056	52.983333333333334	0.0	7.75	0	1	1	1	1	3.5030768136866266
465	4	25.855555550000002	40.04845634	67.31666666666666	0.0	7.75	0	1	1	1	1	0.7790060485623738
466	4	25.855555550000002	40.04845634	67.31666666666666	0.0	7.75	0	1	1	1	1	0.7790060485623738
467	4	25.855555550000002	40.04845634	67.31666666666666	1.0	7.75	0	1	1	1	1	0.7790060485623738
468	4	25.855555550000002	40.04845634	67.31666666666666	0.0	7.75	0	1	1	1	1	0.7790060485623738
469	4	25.855555550000002	40.04845634	67.31666666666666	1.0	7.75	0	1	1	1	1	0.7790060485623738
470	4	25.855555550000002	40.04845634	67.31666666666666	1.0	7.75	0	1	1	1	1	0.7790060485623738
471	4	36.641666666666666	68.89495726	78.7	0.0	7.75	0	1	1	1	1	1.4538131308103823
472	4	36.641666666666666	68.89495726	78.7	0.0	7.75	0	1	1	1	1	1.4538131308103823
473	4	36.641666666666666	68.89495726	78.7	1.0	7.75	0	1	1	1	1	1.4538131308103823
474	4	36.833021	68.28222352	69.76666666666667	1.0	7.75	0	1	1	1	1	1.8380055500890646
475	4	42.833333333333336	68.24247048	67.88333333333334	1.0	7.75	0	1	1	1	1	2.4148690810379234
476	4	42.833333333333336	68.24247048	67.88333333333334	0.0	7.75	0	1	1	1	1	2.4148690810379234
477	4	25.558333333333334	52.88347112	43.86666666666667	0.0	7.75	0	1	1	1	1	2.4651873165225306
478	4	25.558333333333334	52.88347112	43.86666666666667	0.0	7.75	0	1	1	1	1	2.4651873165225306
479	4	40.128275433333336	65.82688167	78.9	1.0	7.75	0	1	1	1	1	1.497918452663584
480	4	40.128275433333336	65.82688167	78.9	1.0	7.75	0	1	1	1	1	1.497918452663584
481	4	34.46666666666667	57.78582513	78.98333333333333	0.0	7.75	0	1	1	1	1	1.1239795985773118
482	4	34.46666666666667	57.78582513	78.98333333333333	0.0	7.75	0	1	1	1	1	1.1239795985773118
483	4	34.46666666666667	57.78582513	78.98333333333333	0.0	7.75	0	1	1	1	1	1.1239795985773118
484	4	28.382692299999995	50.67282248	40.21666666666667	0.0	7.75	0	1	1	1	1	3.627084287160769
485	4	32.89375	62.35217524	93.36666666666666	0.0	7.75	0	1	1	1	1	0.9029194927205706
486	4	32.89375	62.35217524	93.36666666666666	0.0	7.75	0	1	1	1	1	0.9029194927205706
487	4	29.616666666666667	42.22931287	68.5	1.0	7.75	0	1	1	1	1	0.8867375791684526
488	4	44.99548133333334	68.31946108	54.666666666666664	0.0	7.75	0	1	1	1	1	6.2628787467485925
489	4	44.99548133333334	68.31946108	54.666666666666664	1.0	7.75	0	1	1	1	1	6.2628787467485925
490	4	44.99548133333334	68.31946108	54.666666666666664	1.0	7.75	0	1	1	1	1	6.2628787467485925
491	4	44.99548133333334	68.31946108	54.666666666666664	1.0	7.75	0	1	1	1	1	6.2628787467485925
492	4	22.183333333333334	68.79214545	109.45	0.0	7.75	0	1	1	1	1	0.6994898256302522
493	4	22.183333333333334	68.79214545	109.45	0.0	7.75	0	1	1	1	1	0.6994898256302522
494	4	39.65392156666667	68.62897643	83.61666666666666	0.0	7.75	0	1	1	1	1	1.3847856017981008
495	4	17.10849673333333	29.05064175	38.31666666666667	1.0	7.75	0	1	1	1	1	1.0043601978368402
496	4	17.10849673333333	29.05064175	38.31666666666667	1.0	7.75	0	1	1	1	1	1.0043601978368402
497	4	17.10849673333333	29.05064175	38.31666666666667	0.0	7.75	0	1	1	1	1	1.0043601978368402
498	4	17.10849673333333	29.05064175	38.31666666666667	1.0	7.75	0	1	1	1	1	1.0043601978368402
499	4	19.21568626666667	39.23197631	42.43333333333333	1.0	7.75	0	1	1	1	1	1.355950334657225
500	4	19.21568626666667	39.23197631	42.43333333333333	0.0	7.75	0	1	1	1	1	1.355950334657225
501	4	19.21568626666667	39.23197631	42.43333333333333	0.0	7.75	0	1	1	1	1	1.355950334657225
502	4	19.21568626666667	39.23197631	42.43333333333333	1.0	7.75	0	1	1	1	1	1.355950334657225
503	4	19.21568626666667	39.23197631	42.43333333333333	0.0	7.75	0	1	1	1	1	1.355950334657225
504	4	26.59722221666667	65.31665318	90.98333333333333	0.0	7.75	0	1	1	1	1	0.8940849537517508
505	4	26.59722221666667	65.31665318	90.98333333333333	1.0	7.75	0	1	1	1	1	0.8940849537517508
506	4	26.59722221666667	65.31665318	90.98333333333333	1.0	7.75	0	1	1	1	1	0.8940849537517508
507	4	39.09026793333333	60.05021508	76.71666666666667	1.0	7.75	0	1	1	1	1	1.3899872653416359
508	4	32.78888888333333	77.91209095	93.58333333333333	0.0	7.75	0	1	1	1	1	1.1540872128160389
509	4	32.78888888333333	77.91209095	93.58333333333333	0.0	7.75	0	1	1	1	1	1.1540872128160389
510	4	32.89311848333333	60.001129799999994	53.96666666666667	0.0	7.75	0	1	1	1	1	2.4794652208271413
511	4	32.89311848333333	60.001129799999994	53.96666666666667	1.0	7.75	0	1	1	1	1	2.4794652208271413
512	4	32.89311848333333	60.001129799999994	53.96666666666667	0.0	7.75	0	1	1	1	1	2.4794652208271413
513	4	34.8809834	55.11776935	70.41666666666667	1.0	7.75	0	1	1	1	1	1.3329635171087906
514	4	13.881977911666667	48.47012168	35.266666666666666	1.0	7.75	0	1	1	1	1	1.9041718187494845
515	4	38.735185183333336	72.82606917	70.81666666666666	0.0	7.75	0	1	1	1	1	2.028462095923086
516	4	15.179166666666667	39.79964044	71.61666666666666	0.0	7.75	0	1	1	1	1	0.5678784574086378
517	4	29.14728225	51.41066824	55.21666666666667	1.0	7.75	0	1	1	1	1	1.6747870813584258
518	4	7.91004902	14.63331409	51.483333333333334	0.0	7.75	0	1	1	1	1	0.15797097231648707
519	4	7.91004902	14.63331409	51.483333333333334	1.0	7.75	0	1	1	1	1	0.15797097231648707
520	4	7.91004902	14.63331409	51.483333333333334	1.0	7.75	0	1	1	1	1	0.15797097231648707
521	4	43.9547619	68.48116097	93.76666666666667	0.0	7.75	0	1	1	1	1	1.21920977032463
522	4	31.183333333333334	52.93533586	71.78333333333333	0.0	7.75	0	1	1	1	1	1.1129393068965518
523	4	31.183333333333334	52.93533586	71.78333333333333	0.0	7.75	0	1	1	1	1	1.1129393068965518
524	4	31.183333333333334	52.93533586	71.78333333333333	1.0	7.75	0	1	1	1	1	1.1129393068965518
525	4	31.183333333333334	52.93533586	71.78333333333333	1.0	7.75	0	1	1	1	1	1.1129393068965518
526	4	28.684558816666666	48.72482496	69.83333333333333	0.0	7.75	0	1	1	1	1	0.9957726673829325
527	4	24.25	52.04316727	82.9	0.0	7.75	0	1	1	1	1	0.7552117181585677
528	4	25.006666666666668	45.24225847	48.18333333333333	0.0	7.75	0	1	1	1	1	1.617672593269093
529	4	28.16401515	43.62150139	68.21666666666667	1.0	7.75	0	1	1	1	1	0.8956086558981791
530	4	28.16401515	43.62150139	68.21666666666667	0.0	7.75	0	1	1	1	1	0.8956086558981791
531	4	51.0	100.6128249	127.95	0.0	7.75	0	1	1	1	1	1.2067943456790124
532	4	37.19809793333334	54.92187102	51.083333333333336	1.0	7.75	0	1	1	1	1	3.397268368961177
533	4	31.6650828	53.96259508	64.21666666666667	0.0	7.75	0	1	1	1	1	1.4196727037704122
534	4	14.438709676666667	33.72320494	42.666666666666664	0.0	7.75	0	1	1	1	1	0.9201234417779948
535	4	14.438709676666667	33.72320494	42.666666666666664	1.0	7.75	0	1	1	1	1	0.9201234417779948
536	4	14.438709676666667	33.72320494	42.666666666666664	1.0	7.75	0	1	1	1	1	0.9201234417779948
537	4	20.605128200000003	50.6312533	51.68333333333333	0.0	7.75	0	1	1	1	1	1.3797853870913273
538	4	20.605128200000003	50.6312533	51.68333333333333	0.0	7.75	0	1	1	1	1	1.3797853870913273
539	4	29.516666666666666	52.73707617	76.78333333333333	0.0	7.75	0	1	1	1	1	0.95177171022567
540	4	29.516666666666666	52.73707617	76.78333333333333	0.0	7.75	0	1	1	1	1	0.95177171022567
541	4	40.0	69.22236897	97.23333333333333	1.0	7.75	0	1	1	1	1	1.074065852708212
542	4	40.0	69.22236897	97.23333333333333	0.0	7.75	0	1	1	1	1	1.074065852708212
543	4	17.892215566666668	45.01886226	43.88333333333333	1.0	7.75	0	1	1	1	1	1.4339076370080905
544	4	30.502777783333336	56.74456527	52.38333333333333	0.0	7.75	0	1	1	1	1	2.239182874403754
545	4	30.502777783333336	56.74456527	52.38333333333333	0.0	7.75	0	1	1	1	1	2.239182874403754
546	4	18.298900616666668	44.50074113	40.56666666666667	0.0	7.75	0	1	1	1	1	1.6504009000040665
547	4	27.46527778333333	42.82409193	71.71666666666667	1.0	7.75	0	1	1	1	1	0.7926099680728929
548	4	27.46527778333333	42.82409193	71.71666666666667	1.0	7.75	0	1	1	1	1	0.7926099680728929
549	4	27.616666666666667	61.73806586	98.68333333333334	0.0	7.75	0	1	1	1	1	0.7596819773921201
550	4	42.60542488333333	68.48165068	76.6	0.0	7.75	0	1	1	1	1	1.7865100673143826
551	4	42.60542488333333	68.48165068	76.6	1.0	7.75	0	1	1	1	1	1.7865100673143826
552	4	12.870833333333334	23.64246742	61.18333333333333	0.0	7.75	0	1	1	1	1	0.32895146018111254
553	4	12.870833333333334	23.64246742	61.18333333333333	0.0	7.75	0	1	1	1	1	0.32895146018111254
554	4	12.870833333333334	23.64246742	61.18333333333333	1.0	7.75	0	1	1	1	1	0.32895146018111254
555	4	12.870833333333334	23.64246742	61.18333333333333	1.0	7.75	0	1	1	1	1	0.32895146018111254
556	4	26.10185185	49.48759994	73.55	0.0	7.75	0	1	1	1	1	0.8796465524440074
557	4	26.10185185	49.48759994	73.55	0.0	7.75	0	1	1	1	1	0.8796465524440074
558	4	37.34444445	71.13954012	88.0	1.0	7.75	0	1	1	1	1	1.2513837708764406
559	4	30.5	70.57648261	90.55	0.0	7.75	0	1	1	1	1	1.0462361800166529
560	4	30.5	70.57648261	90.55	0.0	7.75	0	1	1	1	1	1.0462361800166529
561	4	65.85555555	57.62616	89.73333333333333	0.0	7.75	0	1	1	1	1	2.0888107952329436
562	4	65.85555555	57.62616	89.73333333333333	1.0	7.75	0	1	1	1	1	2.0888107952329436
563	4	22.669047616666667	42.85213151	93.11666666666666	0.0	7.75	0	1	1	1	1	0.49827278740373565
564	4	22.669047616666667	42.85213151	93.11666666666666	0.0	7.75	0	1	1	1	1	0.49827278740373565
565	4	22.669047616666667	42.85213151	93.11666666666666	0.0	7.75	0	1	1	1	1	0.49827278740373565
566	4	22.669047616666667	42.85213151	93.11666666666666	0.0	7.75	0	1	1	1	1	0.49827278740373565
567	4	29.466611666666665	65.48658724	75.36666666666666	0.0	7.75	0	1	1	1	1	1.2578762103879835
568	4	16.385714285	25.7734758	999.99	0.0	7.75	0	1	1	1	1	2.62
569	4	16.385714285	25.7734758	999.99	1.0	7.75	0	1	1	1	1	2.62
570	4	34.49166666666667	55.31445207	95.38333333333334	0.0	7.75	0	1	1	1	1	0.781132372847954
571	4	26.0	43.41887098	80.2	0.0	7.75	0	1	1	1	1	0.6580972505535055
572	4	26.0	43.41887098	80.2	0.0	7.75	0	1	1	1	1	0.6580972505535055
573	4	26.456390983333332	49.78716585	63.6	0.0	7.75	0	1	1	1	1	1.131746940130065
574	4	26.456390983333332	49.78716585	63.6	1.0	7.75	0	1	1	1	1	1.131746940130065
575	4	10.904460093333334	38.45657069	38.96666666666667	1.0	7.75	0	1	1	1	1	1.0942322233198698
576	4	9.259722221666665	43.15320301	61.56666666666667	0.0	7.75	0	1	1	1	1	0.6768356168696864
577	4	42.608333333333334	60.07268451	78.95	0.0	7.75	0	1	1	1	1	1.43974366915845
578	4	34.08371211666667	68.67481177	83.11666666666666	1.0	7.75	0	1	1	1	1	1.242527853545387
579	4	48.20355086666667	67.36556618	60.45	1.0	7.75	0	1	1	1	1	4.867987898445904
580	4	39.04666666666667	67.16177109	58.86666666666667	0.0	7.75	0	1	1	1	1	2.9975666543895056
581	4	48.32222221666667	66.48043753	106.83333333333333	0.0	7.75	0	1	1	1	1	1.0037484575005937
582	4	31.435416666666665	66.58650646	81.56666666666666	1.0	7.75	0	1	1	1	1	1.1736492997880563
583	2	47.87902275	66.69592392	58.083333333333336	0.0	7.75	0	1	1	1	0	5.776570934275183
584	2	35.05629031666667	68.52328677	72.21666666666667	0.0	7.75	0	1	1	1	0	1.6354324885625116
585	2	35.05629031666667	68.52328677	72.21666666666667	0.0	7.75	0	1	1	1	0	1.6354324885625116
586	2	47.491121750000005	67.82537809	60.833333333333336	1.0	7.75	0	1	1	1	0	4.50265517937403
587	2	47.491121750000005	67.82537809	60.833333333333336	0.0	7.75	0	1	1	1	0	4.50265517937403
588	2	47.1661189	63.96542118	63.78333333333333	1.0	7.75	0	1	1	1	0	3.3829629752646495
589	2	35.336666666666666	61.66907149	55.016666666666666	1.0	7.75	0	1	1	1	0	2.739790217987805
590	2	45.33499255	63.90547715	72.51666666666667	1.0	7.75	0	1	1	1	0	2.065931513599003
591	2	45.33499255	63.90547715	72.51666666666667	0.0	7.75	0	1	1	1	0	2.065931513599003
592	2	45.33499255	63.90547715	72.51666666666667	0.0	7.75	0	1	1	1	0	2.065931513599003
593	2	40.96838366666667	66.60847718	53.68333333333333	0.0	7.75	0	1	1	1	0	4.629076694994914
594	2	40.96838366666667	66.60847718	53.68333333333333	0.0	7.75	0	1	1	1	0	4.629076694994914
595	2	37.90719008333334	68.39660218	66.83333333333333	1.0	7.75	0	1	1	1	0	2.096601736908014
596	2	37.90719008333334	68.39660218	66.83333333333333	0.0	7.75	0	1	1	1	0	2.096601736908014
597	2	37.90719008333334	68.39660218	66.83333333333333	0.0	7.75	0	1	1	1	0	2.096601736908014
598	2	37.60855563333333	60.25857119	55.13333333333333	1.0	7.75	0	1	1	1	0	2.9962474896329208
599	2	33.837861966666665	68.44091579	73.08333333333333	1.0	7.75	0	1	1	1	0	1.5464437978835983
600	2	46.912685016666664	68.04205471	65.05	1.0	7.75	0	1	1	1	0	3.3241995722852766
601	2	38.70357143333333	68.93829116	81.0	0.0	7.75	0	1	1	1	0	1.4466538484107805
602	2	29.3475862	68.65013682	96.0	0.0	7.75	0	1	1	1	0	0.9136973944070425
603	2	28.771428566666668	44.53693126	43.25	1.0	7.75	0	1	1	1	0	2.540784595316302
604	2	46.380616383333326	68.28061554	50.016666666666666	0.0	7.75	0	1	1	1	0	16.647353810659823
605	2	46.380616383333326	68.28061554	50.016666666666666	1.0	7.75	0	1	1	1	0	16.647353810659823
606	2	45.63542676666667	64.62069762	70.65	1.0	7.75	0	1	1	1	0	2.273502613437217
607	2	23.012365583333334	37.59233862	50.53333333333333	1.0	7.75	0	1	1	1	0	1.0843491730046448
608	2	49.67816233333333	66.30087139	72.33333333333333	1.0	7.75	0	1	1	1	0	2.5844374068065967
609	2	39.741443000000004	67.64752939	68.61666666666666	0.0	7.75	0	1	1	1	0	2.074357244170727
610	2	39.741443000000004	67.64752939	68.61666666666666	0.0	7.75	0	1	1	1	0	2.074357244170727
611	2	39.741443000000004	67.64752939	68.61666666666666	0.0	7.75	0	1	1	1	0	2.074357244170727
612	2	36.833021	68.28222352	69.76666666666667	0.0	7.75	0	1	1	1	0	1.8380055500890646
613	2	36.833021	68.28222352	69.76666666666667	0.0	7.75	0	1	1	1	0	1.8380055500890646
614	2	25.558333333333334	52.88347112	43.86666666666667	0.0	7.75	0	1	1	1	0	2.4651873165225306
615	2	39.65392156666667	68.62897643	83.61666666666666	0.0	7.75	0	1	1	1	0	1.3847856017981008
616	2	32.89311848333333	60.001129799999994	53.96666666666667	1.0	7.75	0	1	1	1	0	2.4794652208271413
617	2	34.8809834	55.11776935	70.41666666666667	1.0	7.75	0	1	1	1	0	1.3329635171087906
618	2	41.98255793333333	68.26557765	66.68333333333334	0.0	7.75	0	1	1	1	0	2.4499464761741847
619	2	41.98255793333333	68.26557765	66.68333333333334	0.0	7.75	0	1	1	1	0	2.4499464761741847
620	2	41.44451011666667	66.09756196	56.416666666666664	0.0	7.75	0	1	1	1	0	3.8970713247050583
621	2	41.44451011666667	66.09756196	56.416666666666664	0.0	7.75	0	1	1	1	0	3.8970713247050583
622	2	37.15	68.0876627	59.25	1.0	7.75	0	1	1	1	0	2.730210981900452
623	2	48.20355086666667	67.36556618	60.45	0.0	7.75	0	1	1	1	0	4.867987898445904
624	3	47.87902275	66.69592392	58.083333333333336	1.0	7.75	0	1	1	1	0	5.776570934275183
625	3	47.87902275	66.69592392	58.083333333333336	1.0	7.75	0	1	1	1	0	5.776570934275183
626	3	33.2	68.79214545	96.25	0.0	7.75	0	1	1	1	0	0.9681545670103094
627	3	37.90719008333334	68.39660218	66.83333333333333	1.0	7.75	0	1	1	1	0	2.096601736908014
628	3	33.837861966666665	68.44091579	73.08333333333333	1.0	7.75	0	1	1	1	0	1.5464437978835983
629	3	25.855555550000002	40.04845634	67.31666666666666	0.0	7.75	0	1	1	1	0	0.7790060485623738
630	3	29.616666666666667	42.22931287	68.5	1.0	7.75	0	1	1	1	0	0.8867375791684526
631	3	47.87902275	66.69592392	58.083333333333336	1.0	7.75	0	1	1	1	0	5.776570934275183
632	3	45.23446906666667	68.21929938	75.11666666666666	1.0	7.75	0	1	1	1	0	2.023589435738154
633	3	42.803859966666664	66.83415588	70.38333333333334	1.0	7.75	0	1	1	1	0	2.142323571392439
634	3	46.380616383333326	68.28061554	50.016666666666666	0.0	7.75	0	1	1	1	0	16.647353810659823
635	3	28.25	68.79214545	100.61666666666666	0.0	7.75	0	1	1	1	0	0.8435119131736528
636	3	42.60542488333333	68.48165068	76.6	1.0	7.75	0	1	1	1	0	1.7865100673143826
637	3	47.87902275	66.69592392	58.083333333333336	1.0	7.75	0	1	1	1	0	5.776570934275183
638	3	36.454166666666666	69.68431403	97.66666666666667	0.0	7.75	0	1	1	1	0	1.0117919384112721
639	3	33.2	68.79214545	96.25	0.0	7.75	0	1	1	1	0	0.9681545670103094
640	3	45.23446906666667	68.21929938	75.11666666666666	0.0	7.75	0	1	1	1	0	2.023589435738154
641	3	40.96838366666667	66.60847718	53.68333333333333	0.0	7.75	0	1	1	1	0	4.629076694994914
642	3	37.90719008333334	68.39660218	66.83333333333333	0.0	7.75	0	1	1	1	0	2.096601736908014
643	3	37.90719008333334	68.39660218	66.83333333333333	0.0	7.75	0	1	1	1	0	2.096601736908014
644	3	37.90719008333334	68.39660218	66.83333333333333	0.0	7.75	0	1	1	1	0	2.096601736908014
645	3	37.90719008333334	68.39660218	66.83333333333333	1.0	7.75	0	1	1	1	0	2.096601736908014
646	3	37.60855563333333	60.25857119	55.13333333333333	1.0	7.75	0	1	1	1	0	2.9962474896329208
647	3	37.28069836666667	68.68188962	77.38333333333334	1.0	7.75	0	1	1	1	0	1.519398654742927
648	3	46.380616383333326	68.28061554	50.016666666666666	1.0	7.75	0	1	1	1	0	16.647353810659823
649	3	38.82397003333333	64.11250404	77.08333333333333	0.0	7.75	0	1	1	1	0	1.473168897193854
650	3	47.26057888333333	63.6171793	72.18333333333334	1.0	7.75	0	1	1	1	0	2.2416133582698756
651	3	25.855555550000002	40.04845634	67.31666666666666	0.0	7.75	0	1	1	1	0	0.7790060485623738
652	3	25.855555550000002	40.04845634	67.31666666666666	0.0	7.75	0	1	1	1	0	0.7790060485623738
653	3	36.833021	68.28222352	69.76666666666667	0.0	7.75	0	1	1	1	0	1.8380055500890646
654	3	42.833333333333336	68.24247048	67.88333333333334	0.0	7.75	0	1	1	1	0	2.4148690810379234
655	3	42.833333333333336	68.24247048	67.88333333333334	0.0	7.75	0	1	1	1	0	2.4148690810379234
656	3	17.10849673333333	29.05064175	38.31666666666667	1.0	7.75	0	1	1	1	0	1.0043601978368402
657	3	19.21568626666667	39.23197631	42.43333333333333	0.0	7.75	0	1	1	1	0	1.355950334657225
658	3	19.21568626666667	39.23197631	42.43333333333333	0.0	7.75	0	1	1	1	0	1.355950334657225
659	3	19.21568626666667	39.23197631	42.43333333333333	1.0	7.75	0	1	1	1	0	1.355950334657225
660	3	34.8809834	55.11776935	70.41666666666667	0.0	7.75	0	1	1	1	0	1.3329635171087906
661	3	38.735185183333336	72.82606917	70.81666666666666	0.0	7.75	0	1	1	1	0	2.028462095923086
662	3	28.16401515	43.62150139	68.21666666666667	1.0	7.75	0	1	1	1	0	0.8956086558981791
663	3	14.438709676666667	33.72320494	42.666666666666664	0.0	7.75	0	1	1	1	0	0.9201234417779948
664	3	14.438709676666667	33.72320494	42.666666666666664	0.0	7.75	0	1	1	1	0	0.9201234417779948
665	3	14.438709676666667	33.72320494	42.666666666666664	0.0	7.75	0	1	1	1	0	0.9201234417779948
666	3	40.0	69.22236897	97.23333333333333	0.0	7.75	0	1	1	1	0	1.074065852708212
667	3	17.892215566666668	45.01886226	43.88333333333333	1.0	7.75	0	1	1	1	0	1.4339076370080905
668	3	12.870833333333334	23.64246742	61.18333333333333	0.0	7.75	0	1	1	1	0	0.32895146018111254
669	3	12.870833333333334	23.64246742	61.18333333333333	0.0	7.75	0	1	1	1	0	0.32895146018111254
670	3	26.10185185	49.48759994	73.55	0.0	7.75	0	1	1	1	0	0.8796465524440074
671	3	26.10185185	49.48759994	73.55	1.0	7.75	0	1	1	1	0	0.8796465524440074
672	3	41.44451011666667	66.09756196	56.416666666666664	0.0	7.75	0	1	1	1	0	3.8970713247050583
673	3	22.669047616666667	42.85213151	93.11666666666666	0.0	7.75	0	1	1	1	0	0.49827278740373565
674	3	34.49166666666667	55.31445207	95.38333333333334	0.0	7.75	0	1	1	1	0	0.781132372847954
675	2	47.87902275	66.69592392	58.083333333333336	1.0	7.75	0	1	1	1	0	5.776570934275183
676	2	16.152380951666668	27.70877356	38.61666666666667	1.0	7.75	0	1	1	1	0	0.888466867507521
677	2	23.012365583333334	37.59233862	50.53333333333333	0.0	7.75	0	1	1	1	0	1.0843491730046448
678	2	20.372463766666666	54.88827995	54.233333333333334	0.0	7.75	0	1	1	1	0	1.392116639449918
679	2	22.183333333333334	68.79214545	109.45	1.0	7.75	0	1	1	1	0	0.6994898256302522
680	2	28.16401515	43.62150139	68.21666666666667	1.0	7.75	0	1	1	1	0	0.8956086558981791
681	2	14.438709676666667	33.72320494	42.666666666666664	1.0	7.75	0	1	1	1	0	0.9201234417779948
682	2	29.516666666666666	52.73707617	76.78333333333333	0.0	7.75	0	1	1	1	0	0.95177171022567
683	2	12.870833333333334	23.64246742	61.18333333333333	1.0	7.75	0	1	1	1	0	0.32895146018111254
684	2	12.870833333333334	23.64246742	61.18333333333333	0.0	7.75	0	1	1	1	0	0.32895146018111254
685	2	13.972222221666666	30.76301617	37.166666666666664	1.0	7.75	0	1	1	1	0	0.992177942634918
686	2	47.87902275	66.69592392	58.083333333333336	1.0	7.75	0	1	1	1	0	5.776570934275183
687	2	47.491121750000005	67.82537809	60.833333333333336	0.0	7.75	0	1	1	1	0	4.50265517937403
688	2	45.23446906666667	68.21929938	75.11666666666666	0.0	7.75	0	1	1	1	0	2.023589435738154
689	2	43.825363483333334	63.99179805	65.73333333333333	0.0	7.75	0	1	1	1	0	2.567184382445186
690	2	46.912685016666664	68.04205471	65.05	0.0	7.75	0	1	1	1	0	3.3241995722852766
691	2	29.3475862	68.65013682	96.0	1.0	7.75	0	1	1	1	0	0.9136973944070425
692	2	28.771428566666668	44.53693126	43.25	1.0	7.75	0	1	1	1	0	2.540784595316302
693	2	46.380616383333326	68.28061554	50.016666666666666	0.0	7.75	0	1	1	1	0	16.647353810659823
694	2	46.380616383333326	68.28061554	50.016666666666666	1.0	7.75	0	1	1	1	0	16.647353810659823
695	2	46.380616383333326	68.28061554	50.016666666666666	0.0	7.75	0	1	1	1	0	16.647353810659823
696	2	46.380616383333326	68.28061554	50.016666666666666	1.0	7.75	0	1	1	1	0	16.647353810659823
697	2	46.380616383333326	68.28061554	50.016666666666666	1.0	7.75	0	1	1	1	0	16.647353810659823
698	2	33.58475176666666	52.9011677	66.5	0.0	7.75	0	1	1	1	0	1.371740154591188
699	2	39.77901538333333	63.26119903	72.58333333333333	1.0	7.75	0	1	1	1	0	1.6921918362884298
700	2	36.833021	68.28222352	69.76666666666667	1.0	7.75	0	1	1	1	0	1.8380055500890646
701	2	44.99548133333334	68.31946108	54.666666666666664	1.0	7.75	0	1	1	1	0	6.2628787467485925
702	2	44.99548133333334	68.31946108	54.666666666666664	0.0	7.75	0	1	1	1	0	6.2628787467485925
703	2	32.89311848333333	60.001129799999994	53.96666666666667	1.0	7.75	0	1	1	1	0	2.4794652208271413
704	2	34.8809834	55.11776935	70.41666666666667	1.0	7.75	0	1	1	1	0	1.3329635171087906
705	2	41.98255793333333	68.26557765	66.68333333333334	1.0	7.75	0	1	1	1	0	2.4499464761741847
706	2	14.438709676666667	33.72320494	42.666666666666664	0.0	7.75	0	1	1	1	0	0.9201234417779948
707	2	16.385714285	25.7734758	999.99	1.0	7.75	0	1	1	1	0	2.62
708	2	26.0	43.41887098	80.2	1.0	7.75	0	1	1	1	0	0.6580972505535055
709	2	52.90833333333333	67.20705927	81.78333333333333	1.0	7.75	0	1	1	1	0	2.0591189357575757
710	3	9.9796875	44.23811717	31.466666666666665	0.0	7.75	0	1	1	1	0	1.698150162802085
711	3	16.152380951666668	27.70877356	38.61666666666667	0.0	7.75	0	1	1	1	0	0.888466867507521
712	3	37.28069836666667	68.68188962	77.38333333333334	1.0	7.75	0	1	1	1	0	1.519398654742927
713	3	23.012365583333334	37.59233862	50.53333333333333	1.0	7.75	0	1	1	1	0	1.0843491730046448
714	3	32.78888888333333	77.91209095	93.58333333333333	0.0	7.75	0	1	1	1	0	1.1540872128160389
715	3	32.78888888333333	77.91209095	93.58333333333333	1.0	7.75	0	1	1	1	0	1.1540872128160389
716	3	36.454166666666666	69.68431403	97.66666666666667	0.0	7.75	0	1	1	1	0	1.0117919384112721
717	2	36.454166666666666	69.68431403	97.66666666666667	0.0	7.75	0	1	1	1	0	1.0117919384112721
718	2	28.25	68.79214545	100.61666666666666	0.0	7.75	0	1	1	1	0	0.8435119131736528
719	2	35.05629031666667	68.52328677	72.21666666666667	0.0	7.75	0	1	1	1	0	1.6354324885625116
720	2	47.491121750000005	67.82537809	60.833333333333336	0.0	7.75	0	1	1	1	0	4.50265517937403
721	2	47.491121750000005	67.82537809	60.833333333333336	1.0	7.75	0	1	1	1	0	4.50265517937403
722	2	47.1661189	63.96542118	63.78333333333333	0.0	7.75	0	1	1	1	0	3.3829629752646495
723	2	33.2	68.79214545	96.25	0.0	7.75	0	1	1	1	0	0.9681545670103094
724	2	45.33499255	63.90547715	72.51666666666667	1.0	7.75	0	1	1	1	0	2.065931513599003
725	2	37.90719008333334	68.39660218	66.83333333333333	1.0	7.75	0	1	1	1	0	2.096601736908014
726	2	37.60855563333333	60.25857119	55.13333333333333	1.0	7.75	0	1	1	1	0	2.9962474896329208
727	2	42.803859966666664	66.83415588	70.38333333333334	0.0	7.75	0	1	1	1	0	2.142323571392439
728	2	42.803859966666664	66.83415588	70.38333333333334	1.0	7.75	0	1	1	1	0	2.142323571392439
729	2	42.803859966666664	66.83415588	70.38333333333334	0.0	7.75	0	1	1	1	0	2.142323571392439
730	2	29.508333333333333	65.62197309	92.75	0.0	7.75	0	1	1	1	0	0.9150924721043615
731	2	33.837861966666665	68.44091579	73.08333333333333	1.0	7.75	0	1	1	1	0	1.5464437978835983
732	2	38.70357143333333	68.93829116	81.0	0.0	7.75	0	1	1	1	0	1.4466538484107805
733	2	39.87602955	68.49460435	74.75	0.0	7.75	0	1	1	1	0	1.7418321907765453
734	2	28.771428566666668	44.53693126	43.25	0.0	7.75	0	1	1	1	0	2.540784595316302
735	2	33.01922141666667	52.32345148	64.75	1.0	7.75	0	1	1	1	0	1.404738662902281
736	2	46.380616383333326	68.28061554	50.016666666666666	0.0	7.75	0	1	1	1	0	16.647353810659823
737	2	46.380616383333326	68.28061554	50.016666666666666	1.0	7.75	0	1	1	1	0	16.647353810659823
738	2	46.380616383333326	68.28061554	50.016666666666666	1.0	7.75	0	1	1	1	0	16.647353810659823
739	2	46.380616383333326	68.28061554	50.016666666666666	1.0	7.75	0	1	1	1	0	16.647353810659823
740	2	46.380616383333326	68.28061554	50.016666666666666	1.0	7.75	0	1	1	1	0	16.647353810659823
741	2	38.82397003333333	64.11250404	77.08333333333333	0.0	7.75	0	1	1	1	0	1.473168897193854
742	2	45.63542676666667	64.62069762	70.65	0.0	7.75	0	1	1	1	0	2.273502613437217
743	2	39.77901538333333	63.26119903	72.58333333333333	1.0	7.75	0	1	1	1	0	1.6921918362884298
744	2	40.128275433333336	65.82688167	78.9	1.0	7.75	0	1	1	1	0	1.497918452663584
745	2	39.65392156666667	68.62897643	83.61666666666666	1.0	7.75	0	1	1	1	0	1.3847856017981008
746	2	37.73716311666667	56.59656793	75.45	1.0	7.75	0	1	1	1	0	1.2952239069447218
747	2	34.8809834	55.11776935	70.41666666666667	0.0	7.75	0	1	1	1	0	1.3329635171087906
748	2	13.881977911666667	48.47012168	35.266666666666666	0.0	7.75	0	1	1	1	0	1.9041718187494845
749	2	38.735185183333336	72.82606917	70.81666666666666	0.0	7.75	0	1	1	1	0	2.028462095923086
750	2	17.046666666666667	51.06772963	39.833333333333336	0.0	7.75	0	1	1	1	0	1.9010121253657108
751	2	41.98255793333333	68.26557765	66.68333333333334	1.0	7.75	0	1	1	1	0	2.4499464761741847
752	2	41.98255793333333	68.26557765	66.68333333333334	0.0	7.75	0	1	1	1	0	2.4499464761741847
753	2	37.19809793333334	54.92187102	51.083333333333336	1.0	7.75	0	1	1	1	0	3.397268368961177
754	2	42.60542488333333	68.48165068	76.6	1.0	7.75	0	1	1	1	0	1.7865100673143826
755	2	42.60542488333333	68.48165068	76.6	1.0	7.75	0	1	1	1	0	1.7865100673143826
756	2	42.60542488333333	68.48165068	76.6	1.0	7.75	0	1	1	1	0	1.7865100673143826
757	2	42.60542488333333	68.48165068	76.6	1.0	7.75	0	1	1	1	0	1.7865100673143826
758	2	27.5	49.26554909	56.28333333333333	1.0	7.75	0	1	1	1	0	1.4423468126230459
759	3	47.491121750000005	67.82537809	60.833333333333336	0.0	7.75	0	1	1	1	0	4.50265517937403
760	3	47.491121750000005	67.82537809	60.833333333333336	0.0	7.75	0	1	1	1	0	4.50265517937403
761	3	40.18786431666667	68.17891774	62.233333333333334	0.0	7.75	0	1	1	1	0	2.7411037476369837
762	3	26.372756516666666	42.94517164	65.53333333333333	1.0	7.75	0	1	1	1	0	0.8987398680251565
763	3	45.23446906666667	68.21929938	75.11666666666666	1.0	7.75	0	1	1	1	0	2.023589435738154
764	3	33.837861966666665	68.44091579	73.08333333333333	0.0	7.75	0	1	1	1	0	1.5464437978835983
765	3	46.912685016666664	68.04205471	65.05	1.0	7.75	0	1	1	1	0	3.3241995722852766
766	3	29.3475862	68.65013682	96.0	1.0	7.75	0	1	1	1	0	0.9136973944070425
767	3	28.771428566666668	44.53693126	43.25	1.0	7.75	0	1	1	1	0	2.540784595316302
768	3	37.28069836666667	68.68188962	77.38333333333334	1.0	7.75	0	1	1	1	0	1.519398654742927
769	3	46.380616383333326	68.28061554	50.016666666666666	1.0	7.75	0	1	1	1	0	16.647353810659823
770	3	38.82397003333333	64.11250404	77.08333333333333	1.0	7.75	0	1	1	1	0	1.473168897193854
771	3	32.3890625	68.12933854	83.83333333333333	1.0	7.75	0	1	1	1	0	1.173684407649864
772	3	37.19809793333334	54.92187102	51.083333333333336	1.0	7.75	0	1	1	1	0	3.397268368961177
773	3	47.491121750000005	67.82537809	60.833333333333336	1.0	7.75	0	1	1	1	0	4.50265517937403
774	3	29.508333333333333	65.62197309	92.75	1.0	7.75	0	1	1	1	0	0.9150924721043615
775	3	29.508333333333333	65.62197309	92.75	1.0	7.75	0	1	1	1	0	0.9150924721043615
776	3	33.837861966666665	68.44091579	73.08333333333333	0.0	7.75	0	1	1	1	0	1.5464437978835983
777	3	28.16401515	43.62150139	68.21666666666667	1.0	7.75	0	1	1	1	0	0.8956086558981791
778	3	38.9045977	68.50849737	79.63333333333334	1.0	7.75	0	1	1	1	0	1.4917845208107525
779	3	38.9045977	68.50849737	79.63333333333334	1.0	7.75	0	1	1	1	0	1.4917845208107525
780	3	40.18786431666667	68.17891774	62.233333333333334	0.0	7.75	0	1	1	1	0	2.7411037476369837
781	4	40.18786431666667	68.17891774	62.233333333333334	0.0	7.75	0	1	1	1	1	2.7411037476369837
782	4	37.60855563333333	60.25857119	55.13333333333333	1.0	7.75	0	1	1	1	1	2.9962474896329208
783	4	46.912685016666664	68.04205471	65.05	1.0	7.75	0	1	1	1	1	3.3241995722852766
784	4	25.558333333333334	52.88347112	43.86666666666667	1.0	7.75	0	1	1	1	1	2.4651873165225306
785	4	7.91004902	14.63331409	51.483333333333334	1.0	7.75	0	1	1	1	1	0.15797097231648707
786	4	7.91004902	14.63331409	51.483333333333334	1.0	7.75	0	1	1	1	1	0.15797097231648707
787	4	37.34444445	71.13954012	88.0	1.0	7.75	0	1	1	1	1	1.2513837708764406
788	3	16.152380951666668	27.70877356	38.61666666666667	1.0	7.75	0	1	1	1	0	0.888466867507521
789	3	45.23446906666667	68.21929938	75.11666666666666	1.0	7.75	0	1	1	1	0	2.023589435738154
790	3	45.23446906666667	68.21929938	75.11666666666666	1.0	7.75	0	1	1	1	0	2.023589435738154
791	3	37.90719008333334	68.39660218	66.83333333333333	1.0	7.75	0	1	1	1	0	2.096601736908014
792	3	42.803859966666664	66.83415588	70.38333333333334	1.0	7.75	0	1	1	1	0	2.142323571392439
793	3	39.87602955	68.49460435	74.75	0.0	7.75	0	1	1	1	0	1.7418321907765453
794	3	39.87602955	68.49460435	74.75	1.0	7.75	0	1	1	1	0	1.7418321907765453
795	3	46.380616383333326	68.28061554	50.016666666666666	1.0	7.75	0	1	1	1	0	16.647353810659823
796	3	46.380616383333326	68.28061554	50.016666666666666	1.0	7.75	0	1	1	1	0	16.647353810659823
797	3	46.380616383333326	68.28061554	50.016666666666666	1.0	7.75	0	1	1	1	0	16.647353810659823
798	3	42.60542488333333	68.48165068	76.6	1.0	7.75	0	1	1	1	0	1.7865100673143826
799	3	26.372756516666666	42.94517164	65.53333333333333	1.0	7.75	0	1	1	1	0	0.8987398680251565
800	3	26.372756516666666	42.94517164	65.53333333333333	1.0	7.75	0	1	1	1	0	0.8987398680251565
801	3	26.372756516666666	42.94517164	65.53333333333333	1.0	7.75	0	1	1	1	0	0.8987398680251565
802	3	26.372756516666666	42.94517164	65.53333333333333	0.0	7.75	0	1	1	1	0	0.8987398680251565
803	3	26.372756516666666	42.94517164	65.53333333333333	1.0	7.75	0	1	1	1	0	0.8987398680251565
804	3	26.372756516666666	42.94517164	65.53333333333333	1.0	7.75	0	1	1	1	0	0.8987398680251565
805	4	26.372756516666666	42.94517164	65.53333333333333	1.0	7.75	0	1	1	1	1	0.8987398680251565
806	1	45.23446906666667	68.21929938	75.11666666666666	1.0	7.75	0	1	1	1	0	2.023589435738154
807	3	37.90719008333334	68.39660218	66.83333333333333	1.0	7.75	0	1	1	1	0	2.096601736908014
808	3	42.803859966666664	66.83415588	70.38333333333334	0.0	7.75	0	1	1	1	0	2.142323571392439
809	3	14.125	23.34507789	42.4	0.0	7.75	0	1	1	1	0	0.5515500580017684
810	3	46.912685016666664	68.04205471	65.05	1.0	7.75	0	1	1	1	0	3.3241995722852766
811	3	39.87602955	68.49460435	74.75	0.0	7.75	0	1	1	1	0	1.7418321907765453
812	3	39.87602955	68.49460435	74.75	0.0	7.75	0	1	1	1	0	1.7418321907765453
813	3	39.87602955	68.49460435	74.75	0.0	7.75	0	1	1	1	0	1.7418321907765453
814	3	39.87602955	68.49460435	74.75	0.0	7.75	0	1	1	1	0	1.7418321907765453
815	3	38.809999999999995	72.99604381	99.76666666666667	0.0	7.75	0	1	1	1	0	1.0703676460327007
816	3	29.3475862	68.65013682	96.0	1.0	7.75	0	1	1	1	0	0.9136973944070425
817	3	42.60542488333333	68.48165068	76.6	0.0	7.75	0	1	1	1	0	1.7865100673143826
818	3	35.69301075	69.04770858	87.88333333333334	1.0	7.75	0	1	1	1	0	1.1745033474764353
819	2	46.380616383333326	68.28061554	50.016666666666666	1.0	7.75	0	1	1	1	0	16.647353810659823
820	3	46.380616383333326	68.28061554	50.016666666666666	1.0	7.75	0	1	1	1	0	16.647353810659823
821	3	38.9045977	68.50849737	79.63333333333334	1.0	7.75	0	1	1	1	0	1.4917845208107525
822	3	33.58475176666666	52.9011677	66.5	0.0	7.75	0	1	1	1	0	1.371740154591188
823	3	23.012365583333334	37.59233862	50.53333333333333	0.0	7.75	0	1	1	1	0	1.0843491730046448
824	3	39.77901538333333	63.26119903	72.58333333333333	1.0	7.75	0	1	1	1	0	1.6921918362884298
825	3	22.669047616666667	42.85213151	93.11666666666666	1.0	7.75	0	1	1	1	0	0.49827278740373565
826	3	38.9045977	68.50849737	79.63333333333334	1.0	7.75	0	1	1	1	0	1.4917845208107525
827	3	39.77901538333333	63.26119903	72.58333333333333	1.0	7.75	0	1	1	1	0	1.6921918362884298
828	3	17.10849673333333	29.05064175	38.31666666666667	1.0	7.75	0	1	1	1	0	1.0043601978368402
829	3	32.78888888333333	77.91209095	93.58333333333333	1.0	7.75	0	1	1	1	0	1.1540872128160389
830	3	36.641666666666666	68.89495726	78.7	0.0	7.75	0	1	1	1	0	1.4538131308103823
831	3	25.558333333333334	52.88347112	43.86666666666667	0.0	7.75	0	1	1	1	0	2.4651873165225306
832	3	40.128275433333336	65.82688167	78.9	1.0	7.75	0	1	1	1	0	1.497918452663584
833	3	42.60542488333333	68.48165068	76.6	1.0	7.75	0	1	1	1	0	1.7865100673143826
834	3	26.59722221666667	65.31665318	90.98333333333333	1.0	7.75	0	1	1	1	0	0.8940849537517508
835	4	12.870833333333334	23.64246742	61.18333333333333	1.0	7.75	0	1	1	1	1	0.32895146018111254
836	4	22.669047616666667	42.85213151	93.11666666666666	1.0	7.75	0	1	1	1	1	0.49827278740373565
837	3	19.288888883333335	36.28152233	59.11666666666667	1.0	7.75	0	1	1	1	0	0.7163724394871849
