ID	CHOICE	TAXI_TT	TAXI_COST	TRANSIT_TT	VISITOR	BUSINESS	LOWINC	SELF_TT	TRANSIT_COST	FREE_COST	av1	av2	av3	av4
0	1	60.0	66.69592392	58.0833333333	1.0	0	0	60.0	7.75	0	1	1	1	1
1	1	45.0	66.69592392	58.0833333333	1.0	0	0	45.0	7.75	0	1	1	1	1
2	1	25.0	66.69592392	58.0833333333	1.0	0	0	25.0	7.75	0	1	1	1	1
3	1	35.0	66.69592392	58.0833333333	1.0	0	0	35.0	7.75	0	1	1	1	1
4	1	60.0	66.69592392	58.0833333333	1.0	0	1	60.0	7.75	0	1	1	1	1
5	1	45.0	66.69592392	58.0833333333	1.0	1	0	45.0	7.75	0	1	1	1	1
6	1	80.0	68.52328677	72.2166666667	0.0	0	0	80.0	7.75	0	1	1	1	1
7	1	40.0	68.52328677	72.2166666667	0.0	1	0	40.0	7.75	0	1	1	1	1
8	1	35.0	68.52328677	72.2166666667	0.0	1	0	35.0	7.75	0	1	1	1	1
9	1	20.0	46.05232605	64.05	0.0	0	0	20.0	7.75	0	1	1	1	1
10	1	38.7	67.82537809	60.8333333333	1.0	0	0	38.7	7.75	0	1	1	1	1
11	1	60.0	67.82537809	60.8333333333	1.0	1	0	60.0	7.75	0	1	1	1	1
12	1	30.0	68.17891774	62.2333333333	0.0	1	0	30.0	7.75	0	1	1	1	1
13	1	15.0	68.17891774	62.2333333333	0.0	0	0	15.0	7.75	0	1	1	1	1
14	1	90.0	67.06555236	74.5333333333	0.0	0	0	90.0	7.75	0	1	1	1	1
15	1	50.0	63.90547715	72.5166666667	0.0	0	0	50.0	7.75	0	1	1	1	1
16	1	40.0	63.90547715	72.5166666667	0.0	1	1	40.0	7.75	0	1	1	1	1
17	1	70.0	63.90547715	72.5166666667	1.0	0	0	70.0	7.75	0	1	1	1	1
18	1	120.0	42.94517164	65.5333333333	1.0	0	0	120.0	7.75	0	1	1	1	1
19	1	38.7	68.21929938	75.1166666667	1.0	0	0	38.7	7.75	0	1	1	1	1
20	1	70.0	68.21929938	75.1166666667	1.0	0	0	70.0	7.75	0	1	1	1	1
21	1	75.0	66.60847718	53.6833333333	0.0	0	0	75.0	7.75	0	1	1	1	1
22	1	30.0	66.60847718	53.6833333333	1.0	0	0	30.0	7.75	0	1	1	1	1
23	1	55.0	66.60847718	53.6833333333	0.0	0	0	55.0	7.75	0	1	1	1	1
24	1	55.0	68.39660218	66.8333333333	1.0	0	0	55.0	7.75	0	1	1	1	1
25	1	30.0	68.39660218	66.8333333333	1.0	1	0	30.0	7.75	0	1	1	1	1
26	1	60.0	64.82919017	71.1166666667	0.0	0	0	60.0	7.75	0	1	1	1	1
27	1	60.0	48.90327895	58.7666666667	0.0	0	0	60.0	7.75	0	1	1	1	1
28	1	37.0	60.25857119	55.1333333333	0.0	1	0	37.0	7.75	0	1	1	1	1
29	1	55.0	60.25857119	55.1333333333	0.0	0	0	55.0	7.75	0	1	1	1	1
30	1	60.0	60.25857119	55.1333333333	1.0	0	0	60.0	7.75	0	1	1	1	1
31	1	38.7	60.25857119	55.1333333333	0.0	0	1	38.7	7.75	0	1	1	1	1
32	1	30.0	66.83415588	70.3833333333	0.0	0	0	30.0	7.75	0	1	1	1	1
33	1	60.0	66.83415588	70.3833333333	1.0	0	1	60.0	7.75	0	1	1	1	1
34	1	45.0	66.83415588	70.3833333333	1.0	1	0	45.0	7.75	0	1	1	1	1
35	1	38.7	66.83415588	70.3833333333	0.0	0	0	38.7	7.75	0	1	1	1	1
36	1	38.7	66.83415588	70.3833333333	1.0	1	0	38.7	7.75	0	1	1	1	1
37	1	25.0	68.44091579	73.0833333333	0.0	0	1	25.0	7.75	0	1	1	1	1
38	1	60.0	68.04205471	65.05	0.0	1	0	60.0	7.75	0	1	1	1	1
39	1	45.0	68.04205471	65.05	1.0	0	1	45.0	7.75	0	1	1	1	1
40	1	60.0	68.49460435	74.75	0.0	0	1	60.0	7.75	0	1	1	1	1
41	1	60.0	68.49460435	74.75	0.0	0	0	60.0	7.75	0	1	1	1	1
42	1	30.0	52.32345148	64.75	1.0	0	0	30.0	7.75	0	1	1	1	1
43	1	38.7	68.28061554	50.0166666667	0.0	1	0	38.7	7.75	0	1	1	1	1
44	1	45.0	52.9011677	66.5	1.0	1	0	45.0	7.75	0	1	1	1	1
45	1	32.0	47.06751005	75.9333333333	0.0	0	0	32.0	7.75	0	1	1	1	1
46	1	25.0	47.06751005	75.9333333333	1.0	0	0	25.0	7.75	0	1	1	1	1
47	1	50.0	63.6171793	72.1833333333	0.0	1	0	50.0	7.75	0	1	1	1	1
48	1	38.7	63.6171793	72.1833333333	1.0	1	0	38.7	7.75	0	1	1	1	1
49	1	30.0	44.50614743	60.3	0.0	0	0	30.0	7.75	0	1	1	1	1
50	1	38.0	44.50614743	60.3	0.0	0	1	38.0	7.75	0	1	1	1	1
51	1	30.0	37.59233862	50.5333333333	0.0	0	0	30.0	7.75	0	1	1	1	1
52	1	38.7	63.26119903	72.5833333333	1.0	1	0	38.7	7.75	0	1	1	1	1
53	1	60.0	33.01023753	71.2833333333	0.0	1	0	60.0	7.75	0	1	1	1	1
54	1	20.0	63.71749056	52.9833333333	0.0	0	0	20.0	7.75	0	1	1	1	1
55	1	12.0	63.71749056	52.9833333333	0.0	0	1	12.0	7.75	0	1	1	1	1
56	1	38.7	40.04845634	67.3166666667	1.0	0	1	38.7	7.75	0	1	1	1	1
57	1	35.0	67.64752939	68.6166666667	0.0	0	0	35.0	7.75	0	1	1	1	1
58	1	60.0	67.64752939	68.6166666667	0.0	1	0	60.0	7.75	0	1	1	1	1
59	1	30.0	68.89495726	78.7	0.0	0	1	30.0	7.75	0	1	1	1	1
60	1	45.0	68.28222352	69.7666666667	0.0	0	0	45.0	7.75	0	1	1	1	1
61	1	20.0	52.88347112	43.8666666667	0.0	0	1	20.0	7.75	0	1	1	1	1
62	1	60.0	65.82688167	78.9	0.0	0	0	60.0	7.75	0	1	1	1	1
63	1	40.0	65.82688167	78.9	1.0	1	0	40.0	7.75	0	1	1	1	1
64	1	90.0	65.14715183	76.1666666667	0.0	0	0	90.0	7.75	0	1	1	1	1
65	1	30.0	65.14715183	76.1666666667	1.0	0	0	30.0	7.75	0	1	1	1	1
66	1	90.0	68.31946108	54.6666666667	0.0	0	1	90.0	7.75	0	1	1	1	1
67	1	45.0	68.31946108	54.6666666667	1.0	1	0	45.0	7.75	0	1	1	1	1
68	1	20.0	29.05064175	38.3166666667	0.0	0	0	20.0	7.75	0	1	1	1	1
69	1	22.0	29.05064175	38.3166666667	0.0	0	1	22.0	7.75	0	1	1	1	1
70	1	25.0	60.05021508	76.7166666667	0.0	1	0	25.0	7.75	0	1	1	1	1
71	1	45.0	60.05021508	76.7166666667	0.0	0	0	45.0	7.75	0	1	1	1	1
72	1	30.0	60.05021508	76.7166666667	0.0	1	0	30.0	7.75	0	1	1	1	1
73	1	30.0	60.05021508	76.7166666667	1.0	0	0	30.0	7.75	0	1	1	1	1
74	1	40.0	60.05021508	76.7166666667	1.0	1	1	40.0	7.75	0	1	1	1	1
75	1	60.0	60.05021508	76.7166666667	0.0	0	0	60.0	7.75	0	1	1	1	1
76	1	12.0	55.11776935	70.4166666667	0.0	1	1	12.0	7.75	0	1	1	1	1
77	1	30.0	72.82606917	70.8166666667	0.0	1	0	30.0	7.75	0	1	1	1	1
78	1	30.0	72.82606917	70.8166666667	0.0	0	1	30.0	7.75	0	1	1	1	1
79	1	10.0	14.63331409	51.4833333333	0.0	0	1	10.0	7.75	0	1	1	1	1
80	1	40.0	52.93533586	71.7833333333	0.0	0	0	40.0	7.75	0	1	1	1	1
81	1	30.0	48.72482496	69.8333333333	0.0	0	1	30.0	7.75	0	1	1	1	1
82	1	38.7	54.92187102	51.0833333333	1.0	0	0	38.7	7.75	0	1	1	1	1
83	1	38.7	33.72320494	42.6666666667	1.0	0	1	38.7	7.75	0	1	1	1	1
84	1	60.0	68.01877277	67.4333333333	0.0	1	0	60.0	7.75	0	1	1	1	1
85	1	25.0	40.42082408	61.2333333333	1.0	1	0	25.0	7.75	0	1	1	1	1
86	1	20.0	51.49745749	90.65	0.0	1	0	20.0	7.75	0	1	1	1	1
87	1	25.0	51.49745749	90.65	1.0	1	0	25.0	7.75	0	1	1	1	1
88	1	38.7	49.48759994	73.55	0.0	0	1	38.7	7.75	0	1	1	1	1
89	1	44.0	66.09756196	56.4166666667	0.0	0	0	44.0	7.75	0	1	1	1	1
90	1	20.0	65.48658724	75.3666666667	0.0	1	0	20.0	7.75	0	1	1	1	1
91	1	30.0	68.50849737	79.6333333333	0.0	0	0	30.0	7.75	0	1	1	1	1
92	1	45.0	68.50849737	79.6333333333	0.0	0	0	45.0	7.75	0	1	1	1	1
93	1	50.0	66.69592392	58.0833333333	1.0	0	0	50.0	7.75	0	1	1	1	1
94	1	50.0	66.69592392	58.0833333333	0.0	0	0	50.0	7.75	0	1	1	1	1
95	1	120.0	66.69592392	58.0833333333	1.0	0	0	120.0	7.75	0	1	1	1	1
96	1	25.0	66.69592392	58.0833333333	0.0	0	1	25.0	7.75	0	1	1	1	1
97	1	100.0	66.69592392	58.0833333333	1.0	0	1	100.0	7.75	0	1	1	1	1
98	1	60.0	66.69592392	58.0833333333	1.0	0	0	60.0	7.75	0	1	1	1	1
99	1	30.0	66.69592392	58.0833333333	1.0	0	0	30.0	7.75	0	1	1	1	1
100	1	50.0	66.69592392	58.0833333333	1.0	1	0	50.0	7.75	0	1	1	1	1
101	1	60.0	66.69592392	58.0833333333	1.0	0	0	60.0	7.75	0	1	1	1	1
102	1	25.0	68.52328677	72.2166666667	0.0	0	0	25.0	7.75	0	1	1	1	1
103	1	40.0	68.52328677	72.2166666667	1.0	0	0	40.0	7.75	0	1	1	1	1
104	1	45.0	68.52328677	72.2166666667	1.0	0	0	45.0	7.75	0	1	1	1	1
105	1	20.0	46.05232605	64.05	0.0	0	0	20.0	7.75	0	1	1	1	1
106	1	50.0	67.82537809	60.8333333333	1.0	0	0	50.0	7.75	0	1	1	1	1
107	1	40.0	67.82537809	60.8333333333	0.0	0	0	40.0	7.75	0	1	1	1	1
108	1	60.0	67.82537809	60.8333333333	0.0	1	0	60.0	7.75	0	1	1	1	1
109	1	35.0	67.82537809	60.8333333333	0.0	0	0	35.0	7.75	0	1	1	1	1
110	1	30.0	67.82537809	60.8333333333	1.0	0	0	30.0	7.75	0	1	1	1	1
111	1	38.7	67.82537809	60.8333333333	1.0	1	0	38.7	7.75	0	1	1	1	1
112	1	45.0	63.96542118	63.7833333333	1.0	1	0	45.0	7.75	0	1	1	1	1
113	1	45.0	61.66907149	55.0166666667	0.0	0	1	45.0	7.75	0	1	1	1	1
114	1	50.0	55.47388975	67.5166666667	0.0	0	0	50.0	7.75	0	1	1	1	1
115	1	70.0	68.17891774	62.2333333333	0.0	1	0	70.0	7.75	0	1	1	1	1
116	1	45.0	68.17891774	62.2333333333	0.0	0	0	45.0	7.75	0	1	1	1	1
117	1	60.0	68.17891774	62.2333333333	1.0	0	0	60.0	7.75	0	1	1	1	1
118	1	45.0	68.17891774	62.2333333333	1.0	0	0	45.0	7.75	0	1	1	1	1
119	1	38.7	68.17891774	62.2333333333	1.0	1	0	38.7	7.75	0	1	1	1	1
120	1	50.0	68.79214545	96.25	0.0	1	0	50.0	7.75	0	1	1	1	1
121	1	45.0	67.06555236	74.5333333333	0.0	0	0	45.0	7.75	0	1	1	1	1
122	1	120.0	67.06555236	74.5333333333	1.0	0	0	120.0	7.75	0	1	1	1	1
123	1	60.0	67.06555236	74.5333333333	0.0	0	1	60.0	7.75	0	1	1	1	1
124	1	45.0	67.06555236	74.5333333333	1.0	1	0	45.0	7.75	0	1	1	1	1
125	1	30.0	67.06555236	74.5333333333	0.0	0	0	30.0	7.75	0	1	1	1	1
126	1	35.0	67.06555236	74.5333333333	0.0	0	0	35.0	7.75	0	1	1	1	1
127	1	50.0	67.06555236	74.5333333333	1.0	0	0	50.0	7.75	0	1	1	1	1
128	1	30.0	27.70877356	38.6166666667	0.0	1	0	30.0	7.75	0	1	1	1	1
129	1	35.0	27.70877356	38.6166666667	0.0	0	0	35.0	7.75	0	1	1	1	1
130	1	38.7	27.70877356	38.6166666667	1.0	0	0	38.7	7.75	0	1	1	1	1
131	1	38.7	27.70877356	38.6166666667	1.0	0	0	38.7	7.75	0	1	1	1	1
132	1	45.0	63.90547715	72.5166666667	1.0	1	0	45.0	7.75	0	1	1	1	1
133	1	45.0	63.90547715	72.5166666667	1.0	1	0	45.0	7.75	0	1	1	1	1
134	1	80.0	63.90547715	72.5166666667	1.0	0	0	80.0	7.75	0	1	1	1	1
135	1	20.0	42.94517164	65.5333333333	1.0	0	0	20.0	7.75	0	1	1	1	1
136	1	30.0	42.94517164	65.5333333333	1.0	0	0	30.0	7.75	0	1	1	1	1
137	1	60.0	42.94517164	65.5333333333	0.0	0	0	60.0	7.75	0	1	1	1	1
138	1	60.0	42.94517164	65.5333333333	1.0	0	1	60.0	7.75	0	1	1	1	1
139	1	20.0	42.94517164	65.5333333333	1.0	0	0	20.0	7.75	0	1	1	1	1
140	1	1.0	42.94517164	65.5333333333	1.0	0	1	1.0	7.75	0	1	1	1	1
141	1	35.0	42.94517164	65.5333333333	1.0	0	0	35.0	7.75	0	1	1	1	1
142	1	25.0	42.94517164	65.5333333333	0.0	1	0	25.0	7.75	0	1	1	1	1
143	1	10.0	42.94517164	65.5333333333	1.0	0	1	10.0	7.75	0	1	1	1	1
144	1	30.0	42.94517164	65.5333333333	1.0	1	0	30.0	7.75	0	1	1	1	1
145	1	45.0	42.94517164	65.5333333333	1.0	0	0	45.0	7.75	0	1	1	1	1
146	1	79.2	68.21929938	75.1166666667	1.0	1	0	79.2	7.75	0	1	1	1	1
147	1	60.0	66.60847718	53.6833333333	0.0	1	0	60.0	7.75	0	1	1	1	1
148	1	50.0	66.60847718	53.6833333333	1.0	0	0	50.0	7.75	0	1	1	1	1
149	1	38.7	66.60847718	53.6833333333	1.0	0	0	38.7	7.75	0	1	1	1	1
150	1	60.0	68.39660218	66.8333333333	0.0	1	0	60.0	7.75	0	1	1	1	1
151	1	45.0	68.39660218	66.8333333333	0.0	0	0	45.0	7.75	0	1	1	1	1
152	1	60.0	68.39660218	66.8333333333	0.0	0	1	60.0	7.75	0	1	1	1	1
153	1	70.0	68.39660218	66.8333333333	1.0	0	1	70.0	7.75	0	1	1	1	1
154	1	38.7	68.39660218	66.8333333333	0.0	1	0	38.7	7.75	0	1	1	1	1
155	1	38.7	68.39660218	66.8333333333	0.0	1	1	38.7	7.75	0	1	1	1	1
156	1	60.0	68.39660218	66.8333333333	1.0	1	0	60.0	7.75	0	1	1	1	1
157	1	40.0	68.39660218	66.8333333333	1.0	1	0	40.0	7.75	0	1	1	1	1
158	1	35.0	68.39660218	66.8333333333	1.0	1	0	35.0	7.75	0	1	1	1	1
159	1	75.0	68.39660218	66.8333333333	1.0	1	0	75.0	7.75	0	1	1	1	1
160	1	45.0	68.39660218	66.8333333333	1.0	0	0	45.0	7.75	0	1	1	1	1
161	1	60.0	63.99179805	65.7333333333	0.0	0	0	60.0	7.75	0	1	1	1	1
162	1	38.7	63.99179805	65.7333333333	1.0	0	0	38.7	7.75	0	1	1	1	1
163	1	90.0	63.99179805	65.7333333333	1.0	0	0	90.0	7.75	0	1	1	1	1
164	1	70.0	64.82919017	71.1166666667	1.0	0	1	70.0	7.75	0	1	1	1	1
165	1	60.0	37.18657779	35.15	0.0	0	1	60.0	7.75	0	1	1	1	1
166	1	25.0	48.90327895	58.7666666667	1.0	0	1	25.0	7.75	0	1	1	1	1
167	1	25.0	48.90327895	58.7666666667	0.0	0	1	25.0	7.75	0	1	1	1	1
168	1	45.0	60.25857119	55.1333333333	1.0	1	0	45.0	7.75	0	1	1	1	1
169	1	40.0	60.25857119	55.1333333333	0.0	1	0	40.0	7.75	0	1	1	1	1
170	1	60.0	60.25857119	55.1333333333	0.0	1	0	60.0	7.75	0	1	1	1	1
171	1	38.7	60.25857119	55.1333333333	0.0	0	1	38.7	7.75	0	1	1	1	1
172	1	38.7	60.25857119	55.1333333333	1.0	0	1	38.7	7.75	0	1	1	1	1
173	1	38.7	60.25857119	55.1333333333	0.0	0	0	38.7	7.75	0	1	1	1	1
174	1	45.0	66.83415588	70.3833333333	0.0	0	0	45.0	7.75	0	1	1	1	1
175	1	40.0	66.83415588	70.3833333333	0.0	0	0	40.0	7.75	0	1	1	1	1
176	1	30.0	66.83415588	70.3833333333	0.0	0	0	30.0	7.75	0	1	1	1	1
177	1	55.0	66.83415588	70.3833333333	1.0	0	1	55.0	7.75	0	1	1	1	1
178	1	23.0	48.3684003	73.2166666667	0.0	0	0	23.0	7.75	0	1	1	1	1
179	1	45.0	48.3684003	73.2166666667	0.0	0	1	45.0	7.75	0	1	1	1	1
180	1	40.0	65.62197309	92.75	0.0	0	1	40.0	7.75	0	1	1	1	1
181	1	60.0	77.86252603	101.333333333	1.0	0	0	60.0	7.75	0	1	1	1	1
182	1	60.0	68.44091579	73.0833333333	1.0	1	0	60.0	7.75	0	1	1	1	1
183	1	38.7	68.44091579	73.0833333333	0.0	0	1	38.7	7.75	0	1	1	1	1
184	1	45.0	68.44091579	73.0833333333	1.0	0	0	45.0	7.75	0	1	1	1	1
185	1	45.0	68.44091579	73.0833333333	1.0	0	1	45.0	7.75	0	1	1	1	1
186	1	45.0	68.04205471	65.05	1.0	1	0	45.0	7.75	0	1	1	1	1
187	1	45.0	68.04205471	65.05	1.0	0	0	45.0	7.75	0	1	1	1	1
188	1	45.0	68.04205471	65.05	1.0	0	1	45.0	7.75	0	1	1	1	1
189	1	75.0	68.04205471	65.05	0.0	0	0	75.0	7.75	0	1	1	1	1
190	1	60.0	68.04205471	65.05	1.0	0	1	60.0	7.75	0	1	1	1	1
191	1	40.0	68.04205471	65.05	1.0	0	0	40.0	7.75	0	1	1	1	1
192	1	50.0	68.04205471	65.05	0.0	1	0	50.0	7.75	0	1	1	1	1
193	1	60.0	68.04205471	65.05	1.0	0	0	60.0	7.75	0	1	1	1	1
194	1	45.0	68.65013682	96.0	0.0	1	0	45.0	7.75	0	1	1	1	1
195	1	40.0	68.65013682	96.0	0.0	0	1	40.0	7.75	0	1	1	1	1
196	1	79.2	68.65013682	96.0	1.0	1	0	79.2	7.75	0	1	1	1	1
197	1	75.0	68.65013682	96.0	1.0	0	0	75.0	7.75	0	1	1	1	1
198	1	80.0	68.65013682	96.0	1.0	0	1	80.0	7.75	0	1	1	1	1
199	1	45.0	68.49460435	74.75	1.0	0	1	45.0	7.75	0	1	1	1	1
200	1	30.0	68.49460435	74.75	0.0	0	0	30.0	7.75	0	1	1	1	1
201	1	30.0	68.49460435	74.75	0.0	0	0	30.0	7.75	0	1	1	1	1
202	1	30.0	68.49460435	74.75	0.0	0	0	30.0	7.75	0	1	1	1	1
203	1	45.0	68.49460435	74.75	0.0	0	0	45.0	7.75	0	1	1	1	1
204	1	38.7	68.49460435	74.75	0.0	0	1	38.7	7.75	0	1	1	1	1
205	1	79.2	68.49460435	74.75	0.0	0	0	79.2	7.75	0	1	1	1	1
206	1	40.0	68.49460435	74.75	1.0	0	0	40.0	7.75	0	1	1	1	1
207	1	38.7	44.53693126	43.25	1.0	1	0	38.7	7.75	0	1	1	1	1
208	1	38.7	44.53693126	43.25	1.0	0	0	38.7	7.75	0	1	1	1	1
209	1	75.0	68.68188962	77.3833333333	0.0	0	0	75.0	7.75	0	1	1	1	1
210	1	38.7	68.68188962	77.3833333333	0.0	1	1	38.7	7.75	0	1	1	1	1
211	1	65.0	68.28061554	50.0166666667	0.0	1	0	65.0	7.75	0	1	1	1	1
212	1	38.0	68.28061554	50.0166666667	1.0	0	1	38.0	7.75	0	1	1	1	1
213	1	35.0	68.28061554	50.0166666667	0.0	0	0	35.0	7.75	0	1	1	1	1
214	1	30.0	68.28061554	50.0166666667	1.0	1	0	30.0	7.75	0	1	1	1	1
215	1	35.0	68.28061554	50.0166666667	0.0	0	0	35.0	7.75	0	1	1	1	1
216	1	45.0	68.28061554	50.0166666667	0.0	0	0	45.0	7.75	0	1	1	1	1
217	1	60.0	68.28061554	50.0166666667	0.0	1	0	60.0	7.75	0	1	1	1	1
218	1	38.7	68.28061554	50.0166666667	1.0	1	0	38.7	7.75	0	1	1	1	1
219	1	38.7	68.28061554	50.0166666667	1.0	1	0	38.7	7.75	0	1	1	1	1
220	1	90.0	68.28061554	50.0166666667	1.0	0	0	90.0	7.75	0	1	1	1	1
221	1	30.0	64.11250404	77.0833333333	0.0	1	0	30.0	7.75	0	1	1	1	1
222	1	30.0	64.11250404	77.0833333333	0.0	1	0	30.0	7.75	0	1	1	1	1
223	1	75.0	64.62069762	70.65	0.0	0	0	75.0	7.75	0	1	1	1	1
224	1	30.0	64.62069762	70.65	0.0	0	1	30.0	7.75	0	1	1	1	1
225	1	45.0	64.62069762	70.65	1.0	0	0	45.0	7.75	0	1	1	1	1
226	1	30.0	47.06751005	75.9333333333	0.0	0	1	30.0	7.75	0	1	1	1	1
227	1	30.0	63.6171793	72.1833333333	0.0	0	0	30.0	7.75	0	1	1	1	1
228	1	45.0	63.6171793	72.1833333333	0.0	0	1	45.0	7.75	0	1	1	1	1
229	1	30.0	63.6171793	72.1833333333	0.0	0	1	30.0	7.75	0	1	1	1	1
230	1	30.0	63.6171793	72.1833333333	1.0	0	0	30.0	7.75	0	1	1	1	1
231	1	38.7	63.6171793	72.1833333333	0.0	0	1	38.7	7.75	0	1	1	1	1
232	1	38.7	63.6171793	72.1833333333	0.0	1	1	38.7	7.75	0	1	1	1	1
233	1	45.0	44.50614743	60.3	0.0	0	0	45.0	7.75	0	1	1	1	1
234	1	35.0	37.59233862	50.5333333333	0.0	0	0	35.0	7.75	0	1	1	1	1
235	1	20.0	37.59233862	50.5333333333	0.0	0	1	20.0	7.75	0	1	1	1	1
236	1	30.0	54.88827995	54.2333333333	0.0	0	0	30.0	7.75	0	1	1	1	1
237	1	60.0	69.88257372	87.9	0.0	1	1	60.0	7.75	0	1	1	1	1
238	1	79.2	69.88257372	87.9	1.0	0	0	79.2	7.75	0	1	1	1	1
239	1	79.2	66.30087139	72.3333333333	1.0	0	0	79.2	7.75	0	1	1	1	1
240	1	38.7	66.30087139	72.3333333333	1.0	1	1	38.7	7.75	0	1	1	1	1
241	1	45.0	66.30087139	72.3333333333	1.0	1	1	45.0	7.75	0	1	1	1	1
242	1	60.0	66.30087139	72.3333333333	0.0	1	1	60.0	7.75	0	1	1	1	1
243	1	45.0	72.99604381	99.7666666667	0.0	1	0	45.0	7.75	0	1	1	1	1
244	1	75.0	72.99604381	99.7666666667	1.0	0	0	75.0	7.75	0	1	1	1	1
245	1	60.0	63.26119903	72.5833333333	1.0	0	0	60.0	7.75	0	1	1	1	1
246	1	65.0	63.26119903	72.5833333333	0.0	0	0	65.0	7.75	0	1	1	1	1
247	1	75.0	63.26119903	72.5833333333	1.0	1	0	75.0	7.75	0	1	1	1	1
248	1	60.0	68.12933854	83.8333333333	0.0	0	0	60.0	7.75	0	1	1	1	1
249	1	35.0	68.12933854	83.8333333333	0.0	1	0	35.0	7.75	0	1	1	1	1
250	1	79.2	68.12933854	83.8333333333	1.0	1	0	79.2	7.75	0	1	1	1	1
251	1	38.7	68.12933854	83.8333333333	0.0	0	0	38.7	7.75	0	1	1	1	1
252	1	38.7	68.12933854	83.8333333333	1.0	0	0	38.7	7.75	0	1	1	1	1
253	1	79.2	68.12933854	83.8333333333	1.0	1	0	79.2	7.75	0	1	1	1	1
254	1	10.0	33.01023753	71.2833333333	0.0	0	1	10.0	7.75	0	1	1	1	1
255	1	60.0	40.04845634	67.3166666667	1.0	0	0	60.0	7.75	0	1	1	1	1
256	1	35.0	67.64752939	68.6166666667	0.0	0	0	35.0	7.75	0	1	1	1	1
257	1	75.0	68.89495726	78.7	0.0	0	1	75.0	7.75	0	1	1	1	1
258	1	45.0	68.89495726	78.7	0.0	0	0	45.0	7.75	0	1	1	1	1
259	1	40.0	68.89495726	78.7	1.0	0	0	40.0	7.75	0	1	1	1	1
260	1	35.0	68.28222352	69.7666666667	0.0	0	0	35.0	7.75	0	1	1	1	1
261	1	75.0	68.28222352	69.7666666667	0.0	0	0	75.0	7.75	0	1	1	1	1
262	1	35.0	68.28222352	69.7666666667	1.0	0	0	35.0	7.75	0	1	1	1	1
263	1	38.7	68.28222352	69.7666666667	1.0	1	0	38.7	7.75	0	1	1	1	1
264	1	38.7	68.28222352	69.7666666667	1.0	0	0	38.7	7.75	0	1	1	1	1
265	1	40.0	68.28222352	69.7666666667	1.0	0	0	40.0	7.75	0	1	1	1	1
266	1	30.0	68.24247048	67.8833333333	1.0	0	1	30.0	7.75	0	1	1	1	1
267	1	35.0	68.24247048	67.8833333333	0.0	0	0	35.0	7.75	0	1	1	1	1
268	1	20.0	52.88347112	43.8666666667	0.0	0	0	20.0	7.75	0	1	1	1	1
269	1	40.0	65.82688167	78.9	0.0	1	0	40.0	7.75	0	1	1	1	1
270	1	20.0	57.78582513	78.9833333333	0.0	1	0	20.0	7.75	0	1	1	1	1
271	1	38.7	57.78582513	78.9833333333	0.0	1	0	38.7	7.75	0	1	1	1	1
272	1	25.0	50.67282248	40.2166666667	0.0	0	0	25.0	7.75	0	1	1	1	1
273	1	100.0	65.14715183	76.1666666667	0.0	0	0	100.0	7.75	0	1	1	1	1
274	1	75.0	68.31946108	54.6666666667	0.0	0	0	75.0	7.75	0	1	1	1	1
275	1	25.0	68.31946108	54.6666666667	0.0	1	1	25.0	7.75	0	1	1	1	1
276	1	60.0	68.31946108	54.6666666667	1.0	0	0	60.0	7.75	0	1	1	1	1
277	1	60.0	68.62897643	83.6166666667	0.0	0	1	60.0	7.75	0	1	1	1	1
278	1	30.0	68.62897643	83.6166666667	0.0	0	1	30.0	7.75	0	1	1	1	1
279	1	38.7	29.05064175	38.3166666667	1.0	0	0	38.7	7.75	0	1	1	1	1
280	1	38.7	29.05064175	38.3166666667	0.0	0	0	38.7	7.75	0	1	1	1	1
281	1	20.0	39.23197631	42.4333333333	0.0	0	0	20.0	7.75	0	1	1	1	1
282	1	38.7	39.23197631	42.4333333333	0.0	0	0	38.7	7.75	0	1	1	1	1
283	1	40.0	60.05021508	76.7166666667	1.0	0	1	40.0	7.75	0	1	1	1	1
284	1	45.0	77.91209095	93.5833333333	0.0	0	1	45.0	7.75	0	1	1	1	1
285	1	11.0	60.0011298	53.9666666667	1.0	0	0	11.0	7.75	0	1	1	1	1
286	1	30.0	60.0011298	53.9666666667	0.0	1	0	30.0	7.75	0	1	1	1	1
287	1	60.0	60.0011298	53.9666666667	1.0	0	1	60.0	7.75	0	1	1	1	1
288	1	60.0	60.0011298	53.9666666667	1.0	0	0	60.0	7.75	0	1	1	1	1
289	1	20.0	60.0011298	53.9666666667	1.0	0	1	20.0	7.75	0	1	1	1	1
290	1	30.0	60.0011298	53.9666666667	1.0	1	0	30.0	7.75	0	1	1	1	1
291	1	60.0	67.33464159	78.6	0.0	0	0	60.0	7.75	0	1	1	1	1
292	1	70.0	55.11776935	70.4166666667	0.0	1	0	70.0	7.75	0	1	1	1	1
293	1	30.0	72.82606917	70.8166666667	0.0	0	0	30.0	7.75	0	1	1	1	1
294	1	30.0	51.41066824	55.2166666667	0.0	0	1	30.0	7.75	0	1	1	1	1
295	1	30.0	51.41066824	55.2166666667	0.0	0	1	30.0	7.75	0	1	1	1	1
296	1	35.0	14.63331409	51.4833333333	0.0	0	0	35.0	7.75	0	1	1	1	1
297	1	35.0	14.63331409	51.4833333333	0.0	0	0	35.0	7.75	0	1	1	1	1
298	1	38.7	14.63331409	51.4833333333	1.0	0	0	38.7	7.75	0	1	1	1	1
299	1	38.7	14.63331409	51.4833333333	1.0	1	0	38.7	7.75	0	1	1	1	1
300	1	30.0	63.63739365	97.6666666667	1.0	0	1	30.0	7.75	0	1	1	1	1
301	1	30.0	68.26557765	66.6833333333	0.0	1	0	30.0	7.75	0	1	1	1	1
302	1	60.0	68.26557765	66.6833333333	0.0	0	0	60.0	7.75	0	1	1	1	1
303	1	70.0	68.26557765	66.6833333333	0.0	0	0	70.0	7.75	0	1	1	1	1
304	1	38.7	68.26557765	66.6833333333	0.0	0	0	38.7	7.75	0	1	1	1	1
305	1	60.0	68.26557765	66.6833333333	1.0	0	0	60.0	7.75	0	1	1	1	1
306	1	30.0	52.04316727	82.9	0.0	0	1	30.0	7.75	0	1	1	1	1
307	1	38.7	54.92187102	51.0833333333	1.0	0	1	38.7	7.75	0	1	1	1	1
308	1	30.0	53.96259508	64.2166666667	0.0	0	0	30.0	7.75	0	1	1	1	1
309	1	10.0	33.72320494	42.6666666667	0.0	0	1	10.0	7.75	0	1	1	1	1
310	1	45.0	68.79214545	89.0166666667	1.0	0	1	45.0	7.75	0	1	1	1	1
311	1	30.0	68.45862449	82.7333333333	0.0	1	0	30.0	7.75	0	1	1	1	1
312	1	80.0	68.45862449	82.7333333333	1.0	0	0	80.0	7.75	0	1	1	1	1
313	1	60.0	68.01877277	67.4333333333	1.0	0	0	60.0	7.75	0	1	1	1	1
314	1	12.0	44.50074113	40.5666666667	0.0	1	1	12.0	7.75	0	1	1	1	1
315	1	45.0	42.82409193	71.7166666667	1.0	0	0	45.0	7.75	0	1	1	1	1
316	1	45.0	51.19727193	59.9833333333	1.0	0	1	45.0	7.75	0	1	1	1	1
317	1	50.0	51.19727193	59.9833333333	0.0	0	0	50.0	7.75	0	1	1	1	1
318	1	25.0	51.49745749	90.65	0.0	0	1	25.0	7.75	0	1	1	1	1
319	1	38.7	51.49745749	90.65	1.0	0	1	38.7	7.75	0	1	1	1	1
320	1	38.7	51.49745749	90.65	1.0	0	1	38.7	7.75	0	1	1	1	1
321	1	25.0	36.76478031	53.0833333333	0.0	1	0	25.0	7.75	0	1	1	1	1
322	1	30.0	61.73806586	98.6833333333	1.0	0	0	30.0	7.75	0	1	1	1	1
323	1	70.0	68.48165068	76.6	0.0	0	0	70.0	7.75	0	1	1	1	1
324	1	35.0	68.48165068	76.6	0.0	1	0	35.0	7.75	0	1	1	1	1
325	1	38.7	68.48165068	76.6	1.0	0	0	38.7	7.75	0	1	1	1	1
326	1	35.0	68.48165068	76.6	1.0	0	0	35.0	7.75	0	1	1	1	1
327	1	50.0	68.48165068	76.6	1.0	1	0	50.0	7.75	0	1	1	1	1
328	1	45.0	68.25254165	63.85	0.0	1	0	45.0	7.75	0	1	1	1	1
329	1	38.7	49.48759994	73.55	0.0	0	0	38.7	7.75	0	1	1	1	1
330	1	38.7	49.48759994	73.55	1.0	0	1	38.7	7.75	0	1	1	1	1
331	1	45.0	71.13954012	88.0	0.0	0	0	45.0	7.75	0	1	1	1	1
332	1	50.0	70.57648261	90.55	1.0	0	0	50.0	7.75	0	1	1	1	1
333	1	38.7	42.85213151	93.1166666667	0.0	0	1	38.7	7.75	0	1	1	1	1
334	1	38.7	42.85213151	93.1166666667	0.0	0	1	38.7	7.75	0	1	1	1	1
335	1	45.0	68.50849737	79.6333333333	1.0	0	0	45.0	7.75	0	1	1	1	1
336	1	45.0	55.31445207	95.3833333333	0.0	1	0	45.0	7.75	0	1	1	1	1
337	1	15.0	55.31445207	95.3833333333	1.0	0	1	15.0	7.75	0	1	1	1	1
338	1	25.0	72.26565513	73.55	0.0	0	1	25.0	7.75	0	1	1	1	1
339	1	45.0	80.09294749	97.0833333333	1.0	0	0	45.0	7.75	0	1	1	1	1
340	1	38.7	80.09294749	97.0833333333	1.0	0	0	38.7	7.75	0	1	1	1	1
341	1	35.0	37.51617299	39.6	0.0	0	1	35.0	7.75	0	1	1	1	1
342	1	49.0	54.42228349	106.516666667	0.0	0	1	49.0	7.75	0	1	1	1	1
343	1	35.0	54.42228349	106.516666667	0.0	0	1	35.0	7.75	0	1	1	1	1
344	1	20.0	30.76301617	37.1666666667	1.0	1	0	20.0	7.75	0	1	1	1	1
345	1	38.7	65.55642085	76.0666666667	0.0	1	0	38.7	7.75	0	1	1	1	1
346	1	20.0	52.62344859	58.4666666667	0.0	0	1	20.0	7.75	0	1	1	1	1
347	1	35.0	48.52372522	62.2833333333	1.0	0	1	35.0	7.75	0	1	1	1	1
348	1	45.0	67.20606797	85.9666666667	1.0	0	0	45.0	7.75	0	1	1	1	1
349	3	47.87902275	66.69592392	58.0833333333	1.0	0	0	60.0	7.75	0	1	1	1	1
350	3	35.0562903167	68.52328677	72.2166666667	0.0	0	0	30.0	7.75	0	1	1	1	1
351	3	48.2056049667	67.06555236	74.5333333333	0.0	0	0	130.0	7.75	0	1	1	1	1
352	3	26.3727565167	42.94517164	65.5333333333	1.0	0	0	60.0	7.75	0	1	1	1	1
353	3	40.9683836667	66.60847718	53.6833333333	1.0	0	0	40.0	7.75	0	1	1	1	1
354	3	40.9683836667	66.60847718	53.6833333333	1.0	0	0	90.0	7.75	0	1	1	1	1
355	3	40.9683836667	66.60847718	53.6833333333	1.0	0	0	45.0	7.75	0	1	1	1	1
356	3	46.9126850167	68.04205471	65.05	1.0	0	1	60.0	7.75	0	1	1	1	1
357	3	29.3475862	68.65013682	96.0	0.0	0	0	35.0	7.75	0	1	1	1	1
358	3	46.3806163833	68.28061554	50.0166666667	1.0	0	0	60.0	7.75	0	1	1	1	1
359	3	47.2605788833	63.6171793	72.1833333333	0.0	0	0	30.0	7.75	0	1	1	1	1
360	3	49.6781623333	66.30087139	72.3333333333	1.0	1	1	60.0	7.75	0	1	1	1	1
361	3	47.87902275	66.69592392	58.0833333333	1.0	0	1	60.0	7.75	0	1	1	1	1
362	3	42.8038599667	66.83415588	70.3833333333	0.0	0	0	60.0	7.75	0	1	1	1	1
363	3	33.8378619667	68.44091579	73.0833333333	0.0	0	1	90.0	7.75	0	1	1	1	1
364	3	46.3806163833	68.28061554	50.0166666667	1.0	0	0	38.7	7.75	0	1	1	1	1
365	3	34.4916666667	55.31445207	95.3833333333	1.0	0	0	45.0	7.75	0	1	1	1	1
366	4	47.87902275	66.69592392	58.0833333333	1.0	1	0	60.0	7.75	0	1	1	1	1
367	4	47.87902275	66.69592392	58.0833333333	1.0	1	0	38.7	7.75	0	1	1	1	1
368	4	9.9796875	44.23811717	31.4666666667	1.0	0	1	30.0	7.75	0	1	1	1	1
369	4	36.4541666667	69.68431403	97.6666666667	0.0	0	1	30.0	7.75	0	1	1	1	1
370	4	36.4541666667	69.68431403	97.6666666667	0.0	0	1	38.7	7.75	0	1	1	1	1
371	4	36.4541666667	69.68431403	97.6666666667	1.0	0	0	55.0	7.75	0	1	1	1	1
372	4	35.0562903167	68.52328677	72.2166666667	1.0	0	0	60.0	7.75	0	1	1	1	1
373	4	28.7190476167	46.05232605	64.05	1.0	0	0	20.0	7.75	0	1	1	1	1
374	4	28.7190476167	46.05232605	64.05	0.0	0	0	55.0	7.75	0	1	1	1	1
375	4	47.49112175	67.82537809	60.8333333333	0.0	1	1	60.0	7.75	0	1	1	1	1
376	4	47.49112175	67.82537809	60.8333333333	0.0	0	0	60.0	7.75	0	1	1	1	1
377	4	40.1878643167	68.17891774	62.2333333333	1.0	0	1	67.0	7.75	0	1	1	1	1
378	4	40.1878643167	68.17891774	62.2333333333	1.0	0	0	80.0	7.75	0	1	1	1	1
379	4	48.2056049667	67.06555236	74.5333333333	1.0	1	0	38.7	7.75	0	1	1	1	1
380	4	48.2056049667	67.06555236	74.5333333333	0.0	0	0	38.7	7.75	0	1	1	1	1
381	4	16.1523809517	27.70877356	38.6166666667	0.0	0	0	15.0	7.75	0	1	1	1	1
382	4	16.1523809517	27.70877356	38.6166666667	0.0	0	1	8.0	7.75	0	1	1	1	1
383	4	16.1523809517	27.70877356	38.6166666667	1.0	0	0	25.0	7.75	0	1	1	1	1
384	4	16.1523809517	27.70877356	38.6166666667	0.0	1	0	7.0	7.75	0	1	1	1	1
385	4	16.1523809517	27.70877356	38.6166666667	1.0	0	0	20.0	7.75	0	1	1	1	1
386	4	16.1523809517	27.70877356	38.6166666667	1.0	0	0	20.0	7.75	0	1	1	1	1
387	4	45.33499255	63.90547715	72.5166666667	0.0	0	0	60.0	7.75	0	1	1	1	1
388	4	45.33499255	63.90547715	72.5166666667	1.0	0	1	38.7	7.75	0	1	1	1	1
389	4	26.3727565167	42.94517164	65.5333333333	0.0	0	0	10.0	7.75	0	1	1	1	1
390	4	26.3727565167	42.94517164	65.5333333333	1.0	0	1	30.0	7.75	0	1	1	1	1
391	4	40.9683836667	66.60847718	53.6833333333	1.0	1	0	40.0	7.75	0	1	1	1	1
392	4	40.9683836667	66.60847718	53.6833333333	0.0	1	0	40.0	7.75	0	1	1	1	1
393	4	37.9071900833	68.39660218	66.8333333333	0.0	0	0	60.0	7.75	0	1	1	1	1
394	4	37.9071900833	68.39660218	66.8333333333	1.0	1	1	38.7	7.75	0	1	1	1	1
395	4	37.9071900833	68.39660218	66.8333333333	1.0	0	0	38.7	7.75	0	1	1	1	1
396	4	37.9071900833	68.39660218	66.8333333333	1.0	0	0	38.7	7.75	0	1	1	1	1
397	4	37.9071900833	68.39660218	66.8333333333	1.0	1	1	30.0	7.75	0	1	1	1	1
398	4	37.9071900833	68.39660218	66.8333333333	1.0	0	0	35.0	7.75	0	1	1	1	1
399	4	43.8253634833	63.99179805	65.7333333333	1.0	0	1	35.0	7.75	0	1	1	1	1
400	4	11.3888888883	37.18657779	35.15	0.0	0	0	10.0	7.75	0	1	1	1	1
401	4	37.6085556333	60.25857119	55.1333333333	0.0	0	0	30.0	7.75	0	1	1	1	1
402	4	37.6085556333	60.25857119	55.1333333333	0.0	0	0	30.0	7.75	0	1	1	1	1
403	4	37.6085556333	60.25857119	55.1333333333	1.0	0	1	60.0	7.75	0	1	1	1	1
404	4	42.8038599667	66.83415588	70.3833333333	1.0	0	0	45.0	7.75	0	1	1	1	1
405	4	25.5992823	48.3684003	73.2166666667	1.0	0	1	30.0	7.75	0	1	1	1	1
406	4	25.5992823	48.3684003	73.2166666667	1.0	0	0	30.0	7.75	0	1	1	1	1
407	4	29.5083333333	65.62197309	92.75	1.0	0	0	45.0	7.75	0	1	1	1	1
408	4	38.3041666667	77.86252603	101.333333333	0.0	0	0	35.0	7.75	0	1	1	1	1
409	4	38.3041666667	77.86252603	101.333333333	0.0	0	0	45.0	7.75	0	1	1	1	1
410	4	38.3041666667	77.86252603	101.333333333	0.0	1	1	60.0	7.75	0	1	1	1	1
411	4	33.8378619667	68.44091579	73.0833333333	0.0	0	0	60.0	7.75	0	1	1	1	1
412	4	33.8378619667	68.44091579	73.0833333333	1.0	0	0	38.7	7.75	0	1	1	1	1
413	4	33.8378619667	68.44091579	73.0833333333	1.0	0	0	60.0	7.75	0	1	1	1	1
414	4	33.8378619667	68.44091579	73.0833333333	1.0	0	0	45.0	7.75	0	1	1	1	1
415	4	46.9126850167	68.04205471	65.05	1.0	0	0	60.0	7.75	0	1	1	1	1
416	4	46.9126850167	68.04205471	65.05	0.0	0	1	50.0	7.75	0	1	1	1	1
417	4	38.7035714333	68.93829116	81.0	1.0	0	1	40.0	7.75	0	1	1	1	1
418	4	29.3475862	68.65013682	96.0	0.0	0	0	15.0	7.75	0	1	1	1	1
419	4	29.3475862	68.65013682	96.0	0.0	0	1	30.0	7.75	0	1	1	1	1
420	4	39.87602955	68.49460435	74.75	1.0	0	0	15.0	7.75	0	1	1	1	1
421	4	39.87602955	68.49460435	74.75	0.0	0	0	79.2	7.75	0	1	1	1	1
422	4	39.87602955	68.49460435	74.75	1.0	0	0	79.2	7.75	0	1	1	1	1
423	4	39.87602955	68.49460435	74.75	1.0	0	0	60.0	7.75	0	1	1	1	1
424	4	28.7714285667	44.53693126	43.25	0.0	0	1	45.0	7.75	0	1	1	1	1
425	4	28.7714285667	44.53693126	43.25	1.0	1	0	45.0	7.75	0	1	1	1	1
426	4	37.2806983667	68.68188962	77.3833333333	0.0	1	0	35.0	7.75	0	1	1	1	1
427	4	37.2806983667	68.68188962	77.3833333333	0.0	0	1	60.0	7.75	0	1	1	1	1
428	4	37.2806983667	68.68188962	77.3833333333	1.0	0	0	38.7	7.75	0	1	1	1	1
429	4	46.3806163833	68.28061554	50.0166666667	0.0	0	0	25.0	7.75	0	1	1	1	1
430	4	46.3806163833	68.28061554	50.0166666667	0.0	0	0	30.0	7.75	0	1	1	1	1
431	4	46.3806163833	68.28061554	50.0166666667	1.0	0	0	45.0	7.75	0	1	1	1	1
432	4	46.3806163833	68.28061554	50.0166666667	1.0	0	0	38.7	7.75	0	1	1	1	1
433	4	46.3806163833	68.28061554	50.0166666667	1.0	0	0	38.7	7.75	0	1	1	1	1
434	4	38.8239700333	64.11250404	77.0833333333	0.0	0	0	30.0	7.75	0	1	1	1	1
435	4	38.8239700333	64.11250404	77.0833333333	0.0	0	0	35.0	7.75	0	1	1	1	1
436	4	38.8239700333	64.11250404	77.0833333333	0.0	0	0	35.0	7.75	0	1	1	1	1
437	4	14.2666666667	35.09196422	69.7166666667	0.0	0	0	50.0	7.75	0	1	1	1	1
438	4	45.6354267667	64.62069762	70.65	1.0	0	0	40.0	7.75	0	1	1	1	1
439	4	33.5847517667	52.9011677	66.5	1.0	0	1	15.0	7.75	0	1	1	1	1
440	4	33.5847517667	52.9011677	66.5	0.0	0	0	35.0	7.75	0	1	1	1	1
441	4	32.3137566167	47.06751005	75.9333333333	0.0	0	0	30.0	7.75	0	1	1	1	1
442	4	32.3137566167	47.06751005	75.9333333333	0.0	0	0	35.0	7.75	0	1	1	1	1
443	4	32.3137566167	47.06751005	75.9333333333	1.0	0	0	45.0	7.75	0	1	1	1	1
444	4	47.2605788833	63.6171793	72.1833333333	1.0	0	1	45.0	7.75	0	1	1	1	1
445	4	47.2605788833	63.6171793	72.1833333333	1.0	1	0	38.7	7.75	0	1	1	1	1
446	4	47.2605788833	63.6171793	72.1833333333	1.0	1	0	38.7	7.75	0	1	1	1	1
447	4	47.2605788833	63.6171793	72.1833333333	0.0	1	0	60.0	7.75	0	1	1	1	1
448	4	28.1725071167	44.50614743	60.3	0.0	0	0	30.0	7.75	0	1	1	1	1
449	4	28.1725071167	44.50614743	60.3	1.0	0	1	45.0	7.75	0	1	1	1	1
450	4	23.0123655833	37.59233862	50.5333333333	0.0	0	1	30.0	7.75	0	1	1	1	1
451	4	28.25	68.79214545	100.616666667	1.0	0	1	60.0	7.75	0	1	1	1	1
452	4	20.3724637667	54.88827995	54.2333333333	0.0	0	0	25.0	7.75	0	1	1	1	1
453	4	49.6781623333	66.30087139	72.3333333333	0.0	0	0	2.0	7.75	0	1	1	1	1
454	4	38.81	72.99604381	99.7666666667	0.0	1	0	30.0	7.75	0	1	1	1	1
455	4	39.7790153833	63.26119903	72.5833333333	0.0	1	0	70.0	7.75	0	1	1	1	1
456	4	39.7790153833	63.26119903	72.5833333333	0.0	1	0	35.0	7.75	0	1	1	1	1
457	4	32.3890625	68.12933854	83.8333333333	1.0	0	0	79.2	7.75	0	1	1	1	1
458	4	32.3890625	68.12933854	83.8333333333	1.0	0	0	38.7	7.75	0	1	1	1	1
459	4	16.5888888883	33.01023753	71.2833333333	0.0	0	0	15.0	7.75	0	1	1	1	1
460	4	16.5888888883	33.01023753	71.2833333333	0.0	0	0	15.0	7.75	0	1	1	1	1
461	4	16.5888888883	33.01023753	71.2833333333	0.0	1	0	30.0	7.75	0	1	1	1	1
462	4	16.5888888883	33.01023753	71.2833333333	0.0	1	0	20.0	7.75	0	1	1	1	1
463	4	37.0066666667	63.71749056	52.9833333333	1.0	0	0	15.0	7.75	0	1	1	1	1
464	4	37.0066666667	63.71749056	52.9833333333	0.0	0	0	20.0	7.75	0	1	1	1	1
465	4	25.85555555	40.04845634	67.3166666667	0.0	0	0	90.0	7.75	0	1	1	1	1
466	4	25.85555555	40.04845634	67.3166666667	0.0	0	0	20.0	7.75	0	1	1	1	1
467	4	25.85555555	40.04845634	67.3166666667	1.0	0	1	20.0	7.75	0	1	1	1	1
468	4	25.85555555	40.04845634	67.3166666667	0.0	0	1	40.0	7.75	0	1	1	1	1
469	4	25.85555555	40.04845634	67.3166666667	1.0	0	1	38.7	7.75	0	1	1	1	1
470	4	25.85555555	40.04845634	67.3166666667	1.0	0	0	38.7	7.75	0	1	1	1	1
471	4	36.6416666667	68.89495726	78.7	0.0	0	0	30.0	7.75	0	1	1	1	1
472	4	36.6416666667	68.89495726	78.7	0.0	0	1	38.7	7.75	0	1	1	1	1
473	4	36.6416666667	68.89495726	78.7	1.0	0	1	30.0	7.75	0	1	1	1	1
474	4	36.833021	68.28222352	69.7666666667	1.0	1	0	79.2	7.75	0	1	1	1	1
475	4	42.8333333333	68.24247048	67.8833333333	1.0	0	0	38.7	7.75	0	1	1	1	1
476	4	42.8333333333	68.24247048	67.8833333333	0.0	0	1	38.7	7.75	0	1	1	1	1
477	4	25.5583333333	52.88347112	43.8666666667	0.0	0	1	20.0	7.75	0	1	1	1	1
478	4	25.5583333333	52.88347112	43.8666666667	0.0	1	1	38.7	7.75	0	1	1	1	1
479	4	40.1282754333	65.82688167	78.9	1.0	0	1	35.0	7.75	0	1	1	1	1
480	4	40.1282754333	65.82688167	78.9	1.0	0	1	60.0	7.75	0	1	1	1	1
481	4	34.4666666667	57.78582513	78.9833333333	0.0	0	0	30.0	7.75	0	1	1	1	1
482	4	34.4666666667	57.78582513	78.9833333333	0.0	0	0	39.0	7.75	0	1	1	1	1
483	4	34.4666666667	57.78582513	78.9833333333	0.0	0	1	30.0	7.75	0	1	1	1	1
484	4	28.3826923	50.67282248	40.2166666667	0.0	0	1	45.0	7.75	0	1	1	1	1
485	4	32.89375	62.35217524	93.3666666667	0.0	0	1	30.0	7.75	0	1	1	1	1
486	4	32.89375	62.35217524	93.3666666667	0.0	0	1	30.0	7.75	0	1	1	1	1
487	4	29.6166666667	42.22931287	68.5	1.0	0	0	50.0	7.75	0	1	1	1	1
488	4	44.9954813333	68.31946108	54.6666666667	0.0	0	0	40.0	7.75	0	1	1	1	1
489	4	44.9954813333	68.31946108	54.6666666667	1.0	0	0	38.7	7.75	0	1	1	1	1
490	4	44.9954813333	68.31946108	54.6666666667	1.0	1	0	38.7	7.75	0	1	1	1	1
491	4	44.9954813333	68.31946108	54.6666666667	1.0	1	0	30.0	7.75	0	1	1	1	1
492	4	22.1833333333	68.79214545	109.45	0.0	0	0	45.0	7.75	0	1	1	1	1
493	4	22.1833333333	68.79214545	109.45	0.0	0	1	38.7	7.75	0	1	1	1	1
494	4	39.6539215667	68.62897643	83.6166666667	0.0	0	1	45.0	7.75	0	1	1	1	1
495	4	17.1084967333	29.05064175	38.3166666667	1.0	0	0	38.7	7.75	0	1	1	1	1
496	4	17.1084967333	29.05064175	38.3166666667	1.0	0	0	38.7	7.75	0	1	1	1	1
497	4	17.1084967333	29.05064175	38.3166666667	0.0	0	0	38.7	7.75	0	1	1	1	1
498	4	17.1084967333	29.05064175	38.3166666667	1.0	0	1	25.0	7.75	0	1	1	1	1
499	4	19.2156862667	39.23197631	42.4333333333	1.0	0	1	20.0	7.75	0	1	1	1	1
500	4	19.2156862667	39.23197631	42.4333333333	0.0	0	0	30.0	7.75	0	1	1	1	1
501	4	19.2156862667	39.23197631	42.4333333333	0.0	1	1	30.0	7.75	0	1	1	1	1
502	4	19.2156862667	39.23197631	42.4333333333	1.0	0	0	45.0	7.75	0	1	1	1	1
503	4	19.2156862667	39.23197631	42.4333333333	0.0	0	0	20.0	7.75	0	1	1	1	1
504	4	26.5972222167	65.31665318	90.9833333333	0.0	1	0	45.0	7.75	0	1	1	1	1
505	4	26.5972222167	65.31665318	90.9833333333	1.0	0	0	38.7	7.75	0	1	1	1	1
506	4	26.5972222167	65.31665318	90.9833333333	1.0	0	0	79.2	7.75	0	1	1	1	1
507	4	39.0902679333	60.05021508	76.7166666667	1.0	0	0	45.0	7.75	0	1	1	1	1
508	4	32.7888888833	77.91209095	93.5833333333	0.0	0	0	45.0	7.75	0	1	1	1	1
509	4	32.7888888833	77.91209095	93.5833333333	0.0	1	1	35.0	7.75	0	1	1	1	1
510	4	32.8931184833	60.0011298	53.9666666667	0.0	0	0	15.0	7.75	0	1	1	1	1
511	4	32.8931184833	60.0011298	53.9666666667	1.0	0	1	38.7	7.75	0	1	1	1	1
512	4	32.8931184833	60.0011298	53.9666666667	0.0	0	1	45.0	7.75	0	1	1	1	1
513	4	34.8809834	55.11776935	70.4166666667	1.0	0	1	40.0	7.75	0	1	1	1	1
514	4	13.8819779117	48.47012168	35.2666666667	1.0	0	1	35.0	7.75	0	1	1	1	1
515	4	38.7351851833	72.82606917	70.8166666667	0.0	0	0	40.0	7.75	0	1	1	1	1
516	4	15.1791666667	39.79964044	71.6166666667	0.0	0	0	15.0	7.75	0	1	1	1	1
517	4	29.14728225	51.41066824	55.2166666667	1.0	0	0	30.0	7.75	0	1	1	1	1
518	4	7.91004902	14.63331409	51.4833333333	0.0	0	0	15.0	7.75	0	1	1	1	1
519	4	7.91004902	14.63331409	51.4833333333	1.0	1	0	15.0	7.75	0	1	1	1	1
520	4	7.91004902	14.63331409	51.4833333333	1.0	0	0	90.0	7.75	0	1	1	1	1
521	4	43.9547619	68.48116097	93.7666666667	0.0	0	0	45.0	7.75	0	1	1	1	1
522	4	31.1833333333	52.93533586	71.7833333333	0.0	0	0	25.0	7.75	0	1	1	1	1
523	4	31.1833333333	52.93533586	71.7833333333	0.0	0	0	20.0	7.75	0	1	1	1	1
524	4	31.1833333333	52.93533586	71.7833333333	1.0	0	0	35.0	7.75	0	1	1	1	1
525	4	31.1833333333	52.93533586	71.7833333333	1.0	0	1	30.0	7.75	0	1	1	1	1
526	4	28.6845588167	48.72482496	69.8333333333	0.0	0	0	60.0	7.75	0	1	1	1	1
527	4	24.25	52.04316727	82.9	0.0	0	1	25.0	7.75	0	1	1	1	1
528	4	25.0066666667	45.24225847	48.1833333333	0.0	0	0	30.0	7.75	0	1	1	1	1
529	4	28.16401515	43.62150139	68.2166666667	1.0	1	0	45.0	7.75	0	1	1	1	1
530	4	28.16401515	43.62150139	68.2166666667	0.0	0	1	45.0	7.75	0	1	1	1	1
531	4	51.0	100.6128249	127.95	0.0	0	0	60.0	7.75	0	1	1	1	1
532	4	37.1980979333	54.92187102	51.0833333333	1.0	0	0	30.0	7.75	0	1	1	1	1
533	4	31.6650828	53.96259508	64.2166666667	0.0	1	0	120.0	7.75	0	1	1	1	1
534	4	14.4387096767	33.72320494	42.6666666667	0.0	0	0	15.0	7.75	0	1	1	1	1
535	4	14.4387096767	33.72320494	42.6666666667	1.0	0	0	60.0	7.75	0	1	1	1	1
536	4	14.4387096767	33.72320494	42.6666666667	1.0	0	0	38.7	7.75	0	1	1	1	1
537	4	20.6051282	50.6312533	51.6833333333	0.0	0	1	25.0	7.75	0	1	1	1	1
538	4	20.6051282	50.6312533	51.6833333333	0.0	0	1	20.0	7.75	0	1	1	1	1
539	4	29.5166666667	52.73707617	76.7833333333	0.0	0	1	60.0	7.75	0	1	1	1	1
540	4	29.5166666667	52.73707617	76.7833333333	0.0	0	0	25.0	7.75	0	1	1	1	1
541	4	40.0	69.22236897	97.2333333333	1.0	0	0	15.0	7.75	0	1	1	1	1
542	4	40.0	69.22236897	97.2333333333	0.0	0	0	20.0	7.75	0	1	1	1	1
543	4	17.8922155667	45.01886226	43.8833333333	1.0	0	1	10.0	7.75	0	1	1	1	1
544	4	30.5027777833	56.74456527	52.3833333333	0.0	0	0	20.0	7.75	0	1	1	1	1
545	4	30.5027777833	56.74456527	52.3833333333	0.0	0	0	38.7	7.75	0	1	1	1	1
546	4	18.2989006167	44.50074113	40.5666666667	0.0	1	1	6.0	7.75	0	1	1	1	1
547	4	27.4652777833	42.82409193	71.7166666667	1.0	0	0	20.0	7.75	0	1	1	1	1
548	4	27.4652777833	42.82409193	71.7166666667	1.0	1	1	45.0	7.75	0	1	1	1	1
549	4	27.6166666667	61.73806586	98.6833333333	0.0	0	1	30.0	7.75	0	1	1	1	1
550	4	42.6054248833	68.48165068	76.6	0.0	0	1	50.0	7.75	0	1	1	1	1
551	4	42.6054248833	68.48165068	76.6	1.0	0	0	79.2	7.75	0	1	1	1	1
552	4	12.8708333333	23.64246742	61.1833333333	0.0	1	0	10.0	7.75	0	1	1	1	1
553	4	12.8708333333	23.64246742	61.1833333333	0.0	0	1	25.0	7.75	0	1	1	1	1
554	4	12.8708333333	23.64246742	61.1833333333	1.0	0	0	38.7	7.75	0	1	1	1	1
555	4	12.8708333333	23.64246742	61.1833333333	1.0	0	1	38.7	7.75	0	1	1	1	1
556	4	26.10185185	49.48759994	73.55	0.0	0	0	60.0	7.75	0	1	1	1	1
557	4	26.10185185	49.48759994	73.55	0.0	0	1	40.0	7.75	0	1	1	1	1
558	4	37.34444445	71.13954012	88.0	1.0	0	0	60.0	7.75	0	1	1	1	1
559	4	30.5	70.57648261	90.55	0.0	0	1	65.0	7.75	0	1	1	1	1
560	4	30.5	70.57648261	90.55	0.0	0	1	30.0	7.75	0	1	1	1	1
561	4	65.85555555	57.62616	89.7333333333	0.0	0	1	30.0	7.75	0	1	1	1	1
562	4	65.85555555	57.62616	89.7333333333	1.0	0	0	25.0	7.75	0	1	1	1	1
563	4	22.6690476167	42.85213151	93.1166666667	0.0	0	0	20.0	7.75	0	1	1	1	1
564	4	22.6690476167	42.85213151	93.1166666667	0.0	0	1	30.0	7.75	0	1	1	1	1
565	4	22.6690476167	42.85213151	93.1166666667	0.0	0	0	38.7	7.75	0	1	1	1	1
566	4	22.6690476167	42.85213151	93.1166666667	0.0	0	1	38.7	7.75	0	1	1	1	1
567	4	29.4666116667	65.48658724	75.3666666667	0.0	0	0	30.0	7.75	0	1	1	1	1
568	4	16.385714285	25.7734758	999.99	0.0	0	0	20.0	7.75	0	1	1	1	1
569	4	16.385714285	25.7734758	999.99	1.0	0	0	25.0	7.75	0	1	1	1	1
570	4	34.4916666667	55.31445207	95.3833333333	0.0	0	0	40.0	7.75	0	1	1	1	1
571	4	26.0	43.41887098	80.2	0.0	0	0	25.0	7.75	0	1	1	1	1
572	4	26.0	43.41887098	80.2	0.0	0	0	34.0	7.75	0	1	1	1	1
573	4	26.4563909833	49.78716585	63.6	0.0	1	0	40.0	7.75	0	1	1	1	1
574	4	26.4563909833	49.78716585	63.6	1.0	0	1	45.0	7.75	0	1	1	1	1
575	4	10.9044600933	38.45657069	38.9666666667	1.0	0	1	15.0	7.75	0	1	1	1	1
576	4	9.25972222167	43.15320301	61.5666666667	0.0	1	0	15.0	7.75	0	1	1	1	1
577	4	42.6083333333	60.07268451	78.95	0.0	1	0	38.7	7.75	0	1	1	1	1
578	4	34.0837121167	68.67481177	83.1166666667	1.0	1	0	79.2	7.75	0	1	1	1	1
579	4	48.2035508667	67.36556618	60.45	1.0	0	0	60.0	7.75	0	1	1	1	1
580	4	39.0466666667	67.16177109	58.8666666667	0.0	0	0	60.0	7.75	0	1	1	1	1
581	4	48.3222222167	66.48043753	106.833333333	0.0	0	1	30.0	7.75	0	1	1	1	1
582	4	31.4354166667	66.58650646	81.5666666667	1.0	0	1	30.0	7.75	0	1	1	1	1
583	2	47.87902275	66.69592392	60.0	0.0	0	0	60.0	7.75	0	1	1	1	1
584	2	35.0562903167	68.52328677	90.0	0.0	0	1	90.0	7.75	0	1	1	1	1
585	2	35.0562903167	68.52328677	45.0	0.0	0	0	45.0	7.75	0	1	1	1	1
586	2	47.49112175	67.82537809	70.0	1.0	0	0	70.0	7.75	0	1	1	1	1
587	2	47.49112175	67.82537809	45.0	0.0	0	1	45.0	7.75	0	1	1	1	1
588	2	47.1661189	63.96542118	350.0	1.0	0	0	350.0	7.75	0	1	1	1	1
589	2	35.3366666667	61.66907149	80.0	1.0	0	1	80.0	7.75	0	1	1	1	1
590	2	45.33499255	63.90547715	55.0	1.0	0	1	55.0	7.75	0	1	1	1	1
591	2	45.33499255	63.90547715	79.2	0.0	0	1	79.2	7.75	0	1	1	1	1
592	2	45.33499255	63.90547715	45.0	0.0	1	0	45.0	7.75	0	1	1	1	1
593	2	40.9683836667	66.60847718	30.0	0.0	1	0	30.0	7.75	0	1	1	1	1
594	2	40.9683836667	66.60847718	38.7	0.0	1	1	38.7	7.75	0	1	1	1	1
595	2	37.9071900833	68.39660218	60.0	1.0	0	0	60.0	7.75	0	1	1	1	1
596	2	37.9071900833	68.39660218	80.0	0.0	1	0	80.0	7.75	0	1	1	1	1
597	2	37.9071900833	68.39660218	38.7	0.0	0	1	38.7	7.75	0	1	1	1	1
598	2	37.6085556333	60.25857119	38.7	1.0	0	1	38.7	7.75	0	1	1	1	1
599	2	33.8378619667	68.44091579	80.0	1.0	0	1	80.0	7.75	0	1	1	1	1
600	2	46.9126850167	68.04205471	60.0	1.0	0	1	60.0	7.75	0	1	1	1	1
601	2	38.7035714333	68.93829116	100.0	0.0	0	0	100.0	7.75	0	1	1	1	1
602	2	29.3475862	68.65013682	80.0	0.0	0	0	80.0	7.75	0	1	1	1	1
603	2	28.7714285667	44.53693126	35.0	1.0	0	1	35.0	7.75	0	1	1	1	1
604	2	46.3806163833	68.28061554	79.2	0.0	1	0	79.2	7.75	0	1	1	1	1
605	2	46.3806163833	68.28061554	90.0	1.0	0	0	90.0	7.75	0	1	1	1	1
606	2	45.6354267667	64.62069762	90.0	1.0	1	0	90.0	7.75	0	1	1	1	1
607	2	23.0123655833	37.59233862	25.0	1.0	1	1	25.0	7.75	0	1	1	1	1
608	2	49.6781623333	66.30087139	70.0	1.0	0	0	70.0	7.75	0	1	1	1	1
609	2	39.741443	67.64752939	70.0	0.0	0	0	70.0	7.75	0	1	1	1	1
610	2	39.741443	67.64752939	90.0	0.0	0	0	90.0	7.75	0	1	1	1	1
611	2	39.741443	67.64752939	70.0	0.0	1	1	70.0	7.75	0	1	1	1	1
612	2	36.833021	68.28222352	120.0	0.0	0	0	120.0	7.75	0	1	1	1	1
613	2	36.833021	68.28222352	5.0	0.0	0	0	5.0	7.75	0	1	1	1	1
614	2	25.5583333333	52.88347112	30.0	0.0	0	0	30.0	7.75	0	1	1	1	1
615	2	39.6539215667	68.62897643	60.0	0.0	0	0	60.0	7.75	0	1	1	1	1
616	2	32.8931184833	60.0011298	30.0	1.0	0	0	30.0	7.75	0	1	1	1	1
617	2	34.8809834	55.11776935	30.0	1.0	0	1	30.0	7.75	0	1	1	1	1
618	2	41.9825579333	68.26557765	75.0	0.0	0	1	75.0	7.75	0	1	1	1	1
619	2	41.9825579333	68.26557765	60.0	0.0	0	0	60.0	7.75	0	1	1	1	1
620	2	41.4445101167	66.09756196	70.0	0.0	0	0	70.0	7.75	0	1	1	1	1
621	2	41.4445101167	66.09756196	75.0	0.0	0	1	75.0	7.75	0	1	1	1	1
622	2	37.15	68.0876627	40.0	1.0	0	1	40.0	7.75	0	1	1	1	1
623	2	48.2035508667	67.36556618	90.0	0.0	0	1	90.0	7.75	0	1	1	1	1
624	3	47.87902275	66.69592392	58.0833333333	1.0	0	0	80.0	7.75	0	1	1	1	1
625	3	47.87902275	66.69592392	58.0833333333	1.0	0	0	90.0	7.75	0	1	1	1	1
626	3	33.2	68.79214545	96.25	0.0	0	1	100.0	7.75	0	1	1	1	1
627	3	37.9071900833	68.39660218	66.8333333333	1.0	0	0	60.0	7.75	0	1	1	1	1
628	3	33.8378619667	68.44091579	73.0833333333	1.0	1	1	45.0	7.75	0	1	1	1	1
629	3	25.85555555	40.04845634	67.3166666667	0.0	0	1	45.0	7.75	0	1	1	1	1
630	3	29.6166666667	42.22931287	68.5	1.0	0	0	38.7	7.75	0	1	1	1	1
631	3	47.87902275	66.69592392	58.0833333333	1.0	0	0	30.0	7.75	0	1	1	1	1
632	3	45.2344690667	68.21929938	75.1166666667	1.0	1	0	45.0	7.75	0	1	1	1	1
633	3	42.8038599667	66.83415588	70.3833333333	1.0	0	1	30.0	7.75	0	1	1	1	1
634	3	46.3806163833	68.28061554	50.0166666667	0.0	0	0	60.0	7.75	0	1	1	1	1
635	3	28.25	68.79214545	100.616666667	0.0	1	0	60.0	7.75	0	1	1	1	1
636	3	42.6054248833	68.48165068	76.6	1.0	0	0	45.0	7.75	0	1	1	1	1
637	3	47.87902275	66.69592392	58.0833333333	1.0	0	0	79.2	7.75	0	1	1	1	1
638	3	36.4541666667	69.68431403	97.6666666667	0.0	0	1	30.0	7.75	0	1	1	1	1
639	3	33.2	68.79214545	96.25	0.0	0	1	60.0	7.75	0	1	1	1	1
640	3	45.2344690667	68.21929938	75.1166666667	0.0	0	0	40.0	7.75	0	1	1	1	1
641	3	40.9683836667	66.60847718	53.6833333333	0.0	0	0	38.7	7.75	0	1	1	1	1
642	3	37.9071900833	68.39660218	66.8333333333	0.0	1	0	40.0	7.75	0	1	1	1	1
643	3	37.9071900833	68.39660218	66.8333333333	0.0	0	1	79.2	7.75	0	1	1	1	1
644	3	37.9071900833	68.39660218	66.8333333333	0.0	0	1	38.7	7.75	0	1	1	1	1
645	3	37.9071900833	68.39660218	66.8333333333	1.0	0	1	38.7	7.75	0	1	1	1	1
646	3	37.6085556333	60.25857119	55.1333333333	1.0	0	1	38.7	7.75	0	1	1	1	1
647	3	37.2806983667	68.68188962	77.3833333333	1.0	0	1	45.0	7.75	0	1	1	1	1
648	3	46.3806163833	68.28061554	50.0166666667	1.0	1	0	38.7	7.75	0	1	1	1	1
649	3	38.8239700333	64.11250404	77.0833333333	0.0	0	0	35.0	7.75	0	1	1	1	1
650	3	47.2605788833	63.6171793	72.1833333333	1.0	0	0	38.7	7.75	0	1	1	1	1
651	3	25.85555555	40.04845634	67.3166666667	0.0	0	1	38.7	7.75	0	1	1	1	1
652	3	25.85555555	40.04845634	67.3166666667	0.0	0	1	38.7	7.75	0	1	1	1	1
653	3	36.833021	68.28222352	69.7666666667	0.0	0	1	38.7	7.75	0	1	1	1	1
654	3	42.8333333333	68.24247048	67.8833333333	0.0	0	1	30.0	7.75	0	1	1	1	1
655	3	42.8333333333	68.24247048	67.8833333333	0.0	0	1	40.0	7.75	0	1	1	1	1
656	3	17.1084967333	29.05064175	38.3166666667	1.0	1	1	25.0	7.75	0	1	1	1	1
657	3	19.2156862667	39.23197631	42.4333333333	0.0	0	1	38.7	7.75	0	1	1	1	1
658	3	19.2156862667	39.23197631	42.4333333333	0.0	0	1	38.7	7.75	0	1	1	1	1
659	3	19.2156862667	39.23197631	42.4333333333	1.0	1	1	38.7	7.75	0	1	1	1	1
660	3	34.8809834	55.11776935	70.4166666667	0.0	0	1	40.0	7.75	0	1	1	1	1
661	3	38.7351851833	72.82606917	70.8166666667	0.0	1	1	40.0	7.75	0	1	1	1	1
662	3	28.16401515	43.62150139	68.2166666667	1.0	0	1	38.7	7.75	0	1	1	1	1
663	3	14.4387096767	33.72320494	42.6666666667	0.0	0	1	20.0	7.75	0	1	1	1	1
664	3	14.4387096767	33.72320494	42.6666666667	0.0	0	0	40.0	7.75	0	1	1	1	1
665	3	14.4387096767	33.72320494	42.6666666667	0.0	0	0	40.0	7.75	0	1	1	1	1
666	3	40.0	69.22236897	97.2333333333	0.0	0	1	25.0	7.75	0	1	1	1	1
667	3	17.8922155667	45.01886226	43.8833333333	1.0	0	1	38.7	7.75	0	1	1	1	1
668	3	12.8708333333	23.64246742	61.1833333333	0.0	0	1	10.0	7.75	0	1	1	1	1
669	3	12.8708333333	23.64246742	61.1833333333	0.0	0	0	20.0	7.75	0	1	1	1	1
670	3	26.10185185	49.48759994	73.55	0.0	0	0	38.7	7.75	0	1	1	1	1
671	3	26.10185185	49.48759994	73.55	1.0	0	1	38.7	7.75	0	1	1	1	1
672	3	41.4445101167	66.09756196	56.4166666667	0.0	1	0	38.7	7.75	0	1	1	1	1
673	3	22.6690476167	42.85213151	93.1166666667	0.0	0	1	38.7	7.75	0	1	1	1	1
674	3	34.4916666667	55.31445207	95.3833333333	0.0	0	0	60.0	7.75	0	1	1	1	1
675	2	47.87902275	66.69592392	65.0	1.0	0	0	65.0	7.75	0	1	1	1	1
676	2	16.1523809517	27.70877356	38.7	1.0	0	0	38.7	7.75	0	1	1	1	1
677	2	23.0123655833	37.59233862	22.0	0.0	0	1	22.0	7.75	0	1	1	1	1
678	2	20.3724637667	54.88827995	30.0	0.0	0	0	30.0	7.75	0	1	1	1	1
679	2	22.1833333333	68.79214545	240.0	1.0	0	1	240.0	7.75	0	1	1	1	1
680	2	28.16401515	43.62150139	79.2	1.0	0	0	79.2	7.75	0	1	1	1	1
681	2	14.4387096767	33.72320494	38.7	1.0	0	1	38.7	7.75	0	1	1	1	1
682	2	29.5166666667	52.73707617	45.0	0.0	0	0	45.0	7.75	0	1	1	1	1
683	2	12.8708333333	23.64246742	50.0	1.0	0	1	50.0	7.75	0	1	1	1	1
684	2	12.8708333333	23.64246742	30.0	0.0	1	1	30.0	7.75	0	1	1	1	1
685	2	13.9722222217	30.76301617	38.7	1.0	0	0	38.7	7.75	0	1	1	1	1
686	2	47.87902275	66.69592392	180.0	1.0	0	0	180.0	7.75	0	1	1	1	1
687	2	47.49112175	67.82537809	38.7	0.0	0	0	38.7	7.75	0	1	1	1	1
688	2	45.2344690667	68.21929938	60.0	0.0	1	0	60.0	7.75	0	1	1	1	1
689	2	43.8253634833	63.99179805	30.0	0.0	0	0	30.0	7.75	0	1	1	1	1
690	2	46.9126850167	68.04205471	60.0	0.0	1	0	60.0	7.75	0	1	1	1	1
691	2	29.3475862	68.65013682	79.2	1.0	0	0	79.2	7.75	0	1	1	1	1
692	2	28.7714285667	44.53693126	38.7	1.0	0	0	38.7	7.75	0	1	1	1	1
693	2	46.3806163833	68.28061554	30.0	0.0	0	0	30.0	7.75	0	1	1	1	1
694	2	46.3806163833	68.28061554	40.0	1.0	0	1	40.0	7.75	0	1	1	1	1
695	2	46.3806163833	68.28061554	38.7	0.0	1	0	38.7	7.75	0	1	1	1	1
696	2	46.3806163833	68.28061554	60.0	1.0	0	1	60.0	7.75	0	1	1	1	1
697	2	46.3806163833	68.28061554	60.0	1.0	0	0	60.0	7.75	0	1	1	1	1
698	2	33.5847517667	52.9011677	60.0	0.0	0	0	60.0	7.75	0	1	1	1	1
699	2	39.7790153833	63.26119903	115.0	1.0	0	0	115.0	7.75	0	1	1	1	1
700	2	36.833021	68.28222352	60.0	1.0	0	0	60.0	7.75	0	1	1	1	1
701	2	44.9954813333	68.31946108	30.0	1.0	1	0	30.0	7.75	0	1	1	1	1
702	2	44.9954813333	68.31946108	40.0	0.0	1	0	40.0	7.75	0	1	1	1	1
703	2	32.8931184833	60.0011298	70.0	1.0	0	1	70.0	7.75	0	1	1	1	1
704	2	34.8809834	55.11776935	65.0	1.0	0	0	65.0	7.75	0	1	1	1	1
705	2	41.9825579333	68.26557765	45.0	1.0	0	0	45.0	7.75	0	1	1	1	1
706	2	14.4387096767	33.72320494	79.2	0.0	0	0	79.2	7.75	0	1	1	1	1
707	2	16.385714285	25.7734758	38.7	1.0	1	0	38.7	7.75	0	1	1	1	1
708	2	26.0	43.41887098	40.0	1.0	0	0	40.0	7.75	0	1	1	1	1
709	2	52.9083333333	67.20705927	112.1	1.0	1	1	112.1	7.75	0	1	1	1	1
710	3	9.9796875	44.23811717	31.4666666667	0.0	0	1	15.0	7.75	0	1	1	1	1
711	3	16.1523809517	27.70877356	38.6166666667	0.0	0	1	14.0	7.75	0	1	1	1	1
712	3	37.2806983667	68.68188962	77.3833333333	1.0	0	0	60.0	7.75	0	1	1	1	1
713	3	23.0123655833	37.59233862	50.5333333333	1.0	1	1	33.0	7.75	0	1	1	1	1
714	3	32.7888888833	77.91209095	93.5833333333	0.0	0	0	30.0	7.75	0	1	1	1	1
715	3	32.7888888833	77.91209095	93.5833333333	1.0	0	0	60.0	7.75	0	1	1	1	1
716	3	36.4541666667	69.68431403	97.6666666667	0.0	0	1	30.0	7.75	0	1	1	1	1
717	2	36.4541666667	69.68431403	60.0	0.0	0	0	60.0	7.75	0	1	1	1	1
718	2	28.25	68.79214545	65.0	0.0	1	0	65.0	7.75	0	1	1	1	1
719	2	35.0562903167	68.52328677	120.0	0.0	0	1	120.0	7.75	0	1	1	1	1
720	2	47.49112175	67.82537809	79.2	0.0	1	0	79.2	7.75	0	1	1	1	1
721	2	47.49112175	67.82537809	45.0	1.0	1	0	45.0	7.75	0	1	1	1	1
722	2	47.1661189	63.96542118	38.7	0.0	1	1	38.7	7.75	0	1	1	1	1
723	2	33.2	68.79214545	1.0	0.0	0	0	1.0	7.75	0	1	1	1	1
724	2	45.33499255	63.90547715	38.7	1.0	0	1	38.7	7.75	0	1	1	1	1
725	2	37.9071900833	68.39660218	60.0	1.0	0	0	60.0	7.75	0	1	1	1	1
726	2	37.6085556333	60.25857119	90.0	1.0	0	1	90.0	7.75	0	1	1	1	1
727	2	42.8038599667	66.83415588	45.0	0.0	0	0	45.0	7.75	0	1	1	1	1
728	2	42.8038599667	66.83415588	80.0	1.0	0	1	80.0	7.75	0	1	1	1	1
729	2	42.8038599667	66.83415588	79.2	0.0	0	1	79.2	7.75	0	1	1	1	1
730	2	29.5083333333	65.62197309	120.0	0.0	0	1	120.0	7.75	0	1	1	1	1
731	2	33.8378619667	68.44091579	79.2	1.0	0	0	79.2	7.75	0	1	1	1	1
732	2	38.7035714333	68.93829116	90.0	0.0	1	0	90.0	7.75	0	1	1	1	1
733	2	39.87602955	68.49460435	80.0	0.0	0	0	80.0	7.75	0	1	1	1	1
734	2	28.7714285667	44.53693126	60.0	0.0	0	1	60.0	7.75	0	1	1	1	1
735	2	33.0192214167	52.32345148	70.0	1.0	0	1	70.0	7.75	0	1	1	1	1
736	2	46.3806163833	68.28061554	180.0	0.0	1	0	180.0	7.75	0	1	1	1	1
737	2	46.3806163833	68.28061554	60.0	1.0	0	1	60.0	7.75	0	1	1	1	1
738	2	46.3806163833	68.28061554	60.0	1.0	1	1	60.0	7.75	0	1	1	1	1
739	2	46.3806163833	68.28061554	38.7	1.0	0	0	38.7	7.75	0	1	1	1	1
740	2	46.3806163833	68.28061554	90.0	1.0	0	1	90.0	7.75	0	1	1	1	1
741	2	38.8239700333	64.11250404	90.0	0.0	0	1	90.0	7.75	0	1	1	1	1
742	2	45.6354267667	64.62069762	75.0	0.0	0	0	75.0	7.75	0	1	1	1	1
743	2	39.7790153833	63.26119903	100.0	1.0	0	0	100.0	7.75	0	1	1	1	1
744	2	40.1282754333	65.82688167	90.0	1.0	0	1	90.0	7.75	0	1	1	1	1
745	2	39.6539215667	68.62897643	120.0	1.0	0	1	120.0	7.75	0	1	1	1	1
746	2	37.7371631167	56.59656793	75.0	1.0	0	1	75.0	7.75	0	1	1	1	1
747	2	34.8809834	55.11776935	75.0	0.0	0	0	75.0	7.75	0	1	1	1	1
748	2	13.8819779117	48.47012168	15.0	0.0	0	1	15.0	7.75	0	1	1	1	1
749	2	38.7351851833	72.82606917	120.0	0.0	0	0	120.0	7.75	0	1	1	1	1
750	2	17.0466666667	51.06772963	100.0	0.0	0	0	100.0	7.75	0	1	1	1	1
751	2	41.9825579333	68.26557765	60.0	1.0	0	1	60.0	7.75	0	1	1	1	1
752	2	41.9825579333	68.26557765	115.0	0.0	0	0	115.0	7.75	0	1	1	1	1
753	2	37.1980979333	54.92187102	90.0	1.0	0	1	90.0	7.75	0	1	1	1	1
754	2	42.6054248833	68.48165068	90.0	1.0	0	0	90.0	7.75	0	1	1	1	1
755	2	42.6054248833	68.48165068	79.2	1.0	0	1	79.2	7.75	0	1	1	1	1
756	2	42.6054248833	68.48165068	79.2	1.0	0	1	79.2	7.75	0	1	1	1	1
757	2	42.6054248833	68.48165068	50.0	1.0	0	1	50.0	7.75	0	1	1	1	1
758	2	27.5	49.26554909	45.0	1.0	1	0	45.0	7.75	0	1	1	1	1
759	3	47.49112175	67.82537809	60.8333333333	0.0	1	0	30.0	7.75	0	1	1	1	1
760	3	47.49112175	67.82537809	60.8333333333	0.0	0	0	120.0	7.75	0	1	1	1	1
761	3	40.1878643167	68.17891774	62.2333333333	0.0	1	0	80.0	7.75	0	1	1	1	1
762	3	26.3727565167	42.94517164	65.5333333333	1.0	0	0	30.0	7.75	0	1	1	1	1
763	3	45.2344690667	68.21929938	75.1166666667	1.0	0	0	60.0	7.75	0	1	1	1	1
764	3	33.8378619667	68.44091579	73.0833333333	0.0	1	0	38.7	7.75	0	1	1	1	1
765	3	46.9126850167	68.04205471	65.05	1.0	0	0	60.0	7.75	0	1	1	1	1
766	3	29.3475862	68.65013682	96.0	1.0	0	0	38.7	7.75	0	1	1	1	1
767	3	28.7714285667	44.53693126	43.25	1.0	0	0	38.7	7.75	0	1	1	1	1
768	3	37.2806983667	68.68188962	77.3833333333	1.0	0	0	79.2	7.75	0	1	1	1	1
769	3	46.3806163833	68.28061554	50.0166666667	1.0	1	0	45.0	7.75	0	1	1	1	1
770	3	38.8239700333	64.11250404	77.0833333333	1.0	1	0	38.7	7.75	0	1	1	1	1
771	3	32.3890625	68.12933854	83.8333333333	1.0	1	0	79.2	7.75	0	1	1	1	1
772	3	37.1980979333	54.92187102	51.0833333333	1.0	0	0	38.7	7.75	0	1	1	1	1
773	3	47.49112175	67.82537809	60.8333333333	1.0	0	1	60.0	7.75	0	1	1	1	1
774	3	29.5083333333	65.62197309	92.75	1.0	0	0	60.0	7.75	0	1	1	1	1
775	3	29.5083333333	65.62197309	92.75	1.0	0	0	90.0	7.75	0	1	1	1	1
776	3	33.8378619667	68.44091579	73.0833333333	0.0	0	0	50.0	7.75	0	1	1	1	1
777	3	28.16401515	43.62150139	68.2166666667	1.0	0	0	40.0	7.75	0	1	1	1	1
778	3	38.9045977	68.50849737	79.6333333333	1.0	0	1	75.0	7.75	0	1	1	1	1
779	3	38.9045977	68.50849737	79.6333333333	1.0	0	0	35.0	7.75	0	1	1	1	1
780	3	40.1878643167	68.17891774	62.2333333333	0.0	1	0	60.0	7.75	0	1	1	1	1
781	4	40.1878643167	68.17891774	62.2333333333	0.0	0	1	60.0	7.75	0	1	1	1	1
782	4	37.6085556333	60.25857119	55.1333333333	1.0	0	0	10.0	7.75	0	1	1	1	1
783	4	46.9126850167	68.04205471	65.05	1.0	1	0	45.0	7.75	0	1	1	1	1
784	4	25.5583333333	52.88347112	43.8666666667	1.0	0	0	20.0	7.75	0	1	1	1	1
785	4	7.91004902	14.63331409	51.4833333333	1.0	0	1	30.0	7.75	0	1	1	1	1
786	4	7.91004902	14.63331409	51.4833333333	1.0	0	0	20.0	7.75	0	1	1	1	1
787	4	37.34444445	71.13954012	88.0	1.0	0	0	90.0	7.75	0	1	1	1	1
788	3	16.1523809517	27.70877356	38.6166666667	1.0	0	0	60.0	7.75	0	1	1	1	1
789	3	45.2344690667	68.21929938	75.1166666667	1.0	0	1	90.0	7.75	0	1	1	1	1
790	3	45.2344690667	68.21929938	75.1166666667	1.0	0	1	100.0	7.75	0	1	1	1	1
791	3	37.9071900833	68.39660218	66.8333333333	1.0	0	0	60.0	7.75	0	1	1	1	1
792	3	42.8038599667	66.83415588	70.3833333333	1.0	0	1	75.0	7.75	0	1	1	1	1
793	3	39.87602955	68.49460435	74.75	0.0	0	0	90.0	7.75	0	1	1	1	1
794	3	39.87602955	68.49460435	74.75	1.0	0	0	30.0	7.75	0	1	1	1	1
795	3	46.3806163833	68.28061554	50.0166666667	1.0	0	0	90.0	7.75	0	1	1	1	1
796	3	46.3806163833	68.28061554	50.0166666667	1.0	0	0	60.0	7.75	0	1	1	1	1
797	3	46.3806163833	68.28061554	50.0166666667	1.0	0	1	60.0	7.75	0	1	1	1	1
798	3	42.6054248833	68.48165068	76.6	1.0	0	0	90.0	7.75	0	1	1	1	1
799	3	26.3727565167	42.94517164	65.5333333333	1.0	0	0	40.0	7.75	0	1	1	1	1
800	3	26.3727565167	42.94517164	65.5333333333	1.0	0	1	45.0	7.75	0	1	1	1	1
801	3	26.3727565167	42.94517164	65.5333333333	1.0	0	0	30.0	7.75	0	1	1	1	1
802	3	26.3727565167	42.94517164	65.5333333333	0.0	1	0	45.0	7.75	0	1	1	1	1
803	3	26.3727565167	42.94517164	65.5333333333	1.0	0	0	25.0	7.75	0	1	1	1	1
804	3	26.3727565167	42.94517164	65.5333333333	1.0	0	1	30.0	7.75	0	1	1	1	1
805	4	26.3727565167	42.94517164	65.5333333333	1.0	1	1	60.0	7.75	0	1	1	1	1
806	1	38.7	68.21929938	75.1166666667	1.0	1	1	38.7	7.75	0	1	1	1	1
807	3	37.9071900833	68.39660218	66.8333333333	1.0	0	0	60.0	7.75	0	1	1	1	1
808	3	42.8038599667	66.83415588	70.3833333333	0.0	0	0	90.0	7.75	0	1	1	1	1
809	3	14.125	23.34507789	42.4	0.0	0	1	15.0	7.75	0	1	1	1	1
810	3	46.9126850167	68.04205471	65.05	1.0	0	0	60.0	7.75	0	1	1	1	1
811	3	39.87602955	68.49460435	74.75	0.0	0	1	50.0	7.75	0	1	1	1	1
812	3	39.87602955	68.49460435	74.75	0.0	0	1	45.0	7.75	0	1	1	1	1
813	3	39.87602955	68.49460435	74.75	0.0	0	1	50.0	7.75	0	1	1	1	1
814	3	39.87602955	68.49460435	74.75	0.0	0	1	55.0	7.75	0	1	1	1	1
815	3	38.81	72.99604381	99.7666666667	0.0	1	0	34.0	7.75	0	1	1	1	1
816	3	29.3475862	68.65013682	96.0	1.0	0	0	38.7	7.75	0	1	1	1	1
817	3	42.6054248833	68.48165068	76.6	0.0	0	1	38.7	7.75	0	1	1	1	1
818	3	35.69301075	69.04770858	87.8833333333	1.0	0	0	38.7	7.75	0	1	1	1	1
819	2	46.3806163833	68.28061554	15.0	1.0	1	0	15.0	7.75	0	1	1	1	1
820	3	46.3806163833	68.28061554	50.0166666667	1.0	0	1	60.0	7.75	0	1	1	1	1
821	3	38.9045977	68.50849737	79.6333333333	1.0	1	1	30.0	7.75	0	1	1	1	1
822	3	33.5847517667	52.9011677	66.5	0.0	0	1	30.0	7.75	0	1	1	1	1
823	3	23.0123655833	37.59233862	50.5333333333	0.0	0	1	20.0	7.75	0	1	1	1	1
824	3	39.7790153833	63.26119903	72.5833333333	1.0	0	1	38.7	7.75	0	1	1	1	1
825	3	22.6690476167	42.85213151	93.1166666667	1.0	0	0	50.0	7.75	0	1	1	1	1
826	3	38.9045977	68.50849737	79.6333333333	1.0	1	0	45.0	7.75	0	1	1	1	1
827	3	39.7790153833	63.26119903	72.5833333333	1.0	0	0	79.2	7.75	0	1	1	1	1
828	3	17.1084967333	29.05064175	38.3166666667	1.0	0	1	30.0	7.75	0	1	1	1	1
829	3	32.7888888833	77.91209095	93.5833333333	1.0	1	0	45.0	7.75	0	1	1	1	1
830	3	36.6416666667	68.89495726	78.7	0.0	0	1	30.0	7.75	0	1	1	1	1
831	3	25.5583333333	52.88347112	43.8666666667	0.0	0	1	40.0	7.75	0	1	1	1	1
832	3	40.1282754333	65.82688167	78.9	1.0	0	0	30.0	7.75	0	1	1	1	1
833	3	42.6054248833	68.48165068	76.6	1.0	1	0	40.0	7.75	0	1	1	1	1
834	3	26.5972222167	65.31665318	90.9833333333	1.0	1	0	38.7	7.75	0	1	1	1	1
835	4	12.8708333333	23.64246742	61.1833333333	1.0	0	0	50.0	7.75	0	1	1	1	1
836	4	22.6690476167	42.85213151	93.1166666667	1.0	0	0	45.0	7.75	0	1	1	1	1
837	3	19.2888888833	36.28152233	59.1166666667	1.0	0	0	15.0	7.75	0	1	1	1	1
