ID	CHOICE	TAXI_TT	TAXI_COST	TRANSIT_TT	VISITOR	BUSINESS	LOWINC	SELF_TT	TAXI_DIST	TRANSIT_COST	FREE_COST	av1	av2	av3	av4	HYPERP
0	1	60.0	66.69592392	58.0833333333	1.0	0	0	60.0	17.90852555	7.75	0	1	1	1	0	-30.7543950887
1	1	45.0	66.69592392	58.0833333333	1.0	0	0	45.0	17.90852555	7.75	0	1	1	1	0	4.50542093656
2	1	25.0	66.69592392	58.0833333333	1.0	0	0	25.0	17.90852555	7.75	0	1	1	1	0	1.7817407734
3	1	35.0	66.69592392	58.0833333333	1.0	0	0	35.0	17.90852555	7.75	0	1	1	1	0	2.55361403264
4	1	60.0	66.69592392	58.0833333333	1.0	0	1	60.0	17.90852555	7.75	0	1	1	1	0	-30.7543950887
5	1	45.0	66.69592392	58.0833333333	1.0	1	0	45.0	17.90852555	7.75	0	1	1	1	0	4.50542093656
6	1	80.0	68.52328677	72.2166666667	0.0	0	0	80.0	18.58254072	7.75	0	1	1	1	0	-7.80813106253
7	1	40.0	68.52328677	72.2166666667	0.0	1	0	40.0	18.58254072	7.75	0	1	1	1	0	1.88639276058
8	1	35.0	68.52328677	72.2166666667	0.0	1	0	35.0	18.58254072	7.75	0	1	1	1	0	1.63295889216
9	1	20.0	46.05232605	64.05	0.0	0	0	20.0	11.7352381	7.75	0	1	1	1	0	0.869519320091
10	1	38.7	67.82537809	60.8333333333	1.0	0	0	38.7	18.0158923	7.75	0	1	1	1	0	2.71424901009
11	1	60.0	67.82537809	60.8333333333	1.0	1	0	60.0	18.0158923	7.75	0	1	1	1	0	72.090453708
12	1	30.0	68.17891774	62.2333333333	0.0	1	0	30.0	16.79939338	7.75	0	1	1	1	0	1.87473374581
13	1	15.0	68.17891774	62.2333333333	0.0	0	0	15.0	16.79939338	7.75	0	1	1	1	0	1.27937017092
14	1	90.0	67.06555236	74.5333333333	0.0	0	0	90.0	19.82008784	7.75	0	1	1	1	0	-3.83505726466
15	1	50.0	63.90547715	72.5166666667	0.0	0	0	50.0	17.89190681	7.75	0	1	1	1	0	2.49395161288
16	1	40.0	63.90547715	72.5166666667	0.0	1	1	40.0	17.89190681	7.75	0	1	1	1	0	1.72697520707
17	1	70.0	63.90547715	72.5166666667	1.0	0	0	70.0	17.89190681	7.75	0	1	1	1	0	22.3134346291
18	1	120.0	42.94517164	65.5333333333	1.0	0	0	120.0	12.33195248	7.75	0	1	1	1	0	-0.646178181885
19	1	38.7	68.21929938	75.1166666667	1.0	0	0	38.7	20.21723229	7.75	0	1	1	1	0	1.6604841935
20	1	70.0	68.21929938	75.1166666667	1.0	0	0	70.0	20.21723229	7.75	0	1	1	1	0	11.8181041134
21	1	75.0	66.60847718	53.6833333333	0.0	0	0	75.0	17.10824757	7.75	0	1	1	1	0	-2.76114826489
22	1	30.0	66.60847718	53.6833333333	1.0	0	0	30.0	17.10824757	7.75	0	1	1	1	0	2.48522774863
23	1	55.0	66.60847718	53.6833333333	0.0	0	0	55.0	17.10824757	7.75	0	1	1	1	0	-44.7026408962
24	1	55.0	68.39660218	66.8333333333	1.0	0	0	55.0	16.37643817	7.75	0	1	1	1	0	5.12506497296
25	1	30.0	68.39660218	66.8333333333	1.0	1	0	30.0	16.37643817	7.75	0	1	1	1	0	1.64651408633
26	1	60.0	64.82919017	71.1166666667	0.0	0	0	60.0	20.92561492	7.75	0	1	1	1	0	5.13455983538
27	1	60.0	48.90327895	58.7666666667	0.0	0	0	60.0	14.15606469	7.75	0	1	1	1	0	-33.367523473
28	1	37.0	60.25857119	55.1333333333	0.0	1	0	37.0	17.38564167	7.75	0	1	1	1	0	2.89569326415
29	1	55.0	60.25857119	55.1333333333	0.0	0	0	55.0	17.38564167	7.75	0	1	1	1	0	393.814283925
30	1	60.0	60.25857119	55.1333333333	1.0	0	0	60.0	17.38564167	7.75	0	1	1	1	0	-10.7894324363
31	1	38.7	60.25857119	55.1333333333	0.0	0	1	38.7	17.38564167	7.75	0	1	1	1	0	3.19524773976
32	1	30.0	66.83415588	70.3833333333	0.0	0	0	30.0	17.52427221	7.75	0	1	1	1	0	1.46308268791
33	1	60.0	66.83415588	70.3833333333	1.0	0	1	60.0	17.52427221	7.75	0	1	1	1	0	5.69028788571
34	1	45.0	66.83415588	70.3833333333	1.0	1	0	45.0	17.52427221	7.75	0	1	1	1	0	2.32767521523
35	1	38.7	66.83415588	70.3833333333	0.0	0	0	38.7	17.52427221	7.75	0	1	1	1	0	1.86483395729
36	1	38.7	66.83415588	70.3833333333	1.0	1	0	38.7	17.52427221	7.75	0	1	1	1	0	1.86483395729
37	1	25.0	68.44091579	73.0833333333	0.0	0	1	25.0	18.16930985	7.75	0	1	1	1	0	1.26220275473
38	1	60.0	68.04205471	65.05	0.0	1	0	60.0	17.6506841	7.75	0	1	1	1	0	11.9390207347
39	1	45.0	68.04205471	65.05	1.0	0	1	45.0	17.6506841	7.75	0	1	1	1	0	3.00708502294
40	1	60.0	68.49460435	74.75	0.0	0	1	60.0	18.31506925	7.75	0	1	1	1	0	4.11827826102
41	1	60.0	68.49460435	74.75	0.0	0	0	60.0	18.31506925	7.75	0	1	1	1	0	4.11827826102
42	1	30.0	52.32345148	64.75	1.0	0	0	30.0	14.35310219	7.75	0	1	1	1	0	1.28268925122
43	1	38.7	68.28061554	50.0166666667	0.0	1	0	38.7	17.238983	7.75	0	1	1	1	0	5.3488025514
44	1	45.0	52.9011677	66.5	1.0	1	0	45.0	14.60340426	7.75	0	1	1	1	0	2.10005431163
45	1	32.0	47.06751005	75.9333333333	0.0	0	0	32.0	12.46944444	7.75	0	1	1	1	0	0.894935737102
46	1	25.0	47.06751005	75.9333333333	1.0	0	0	25.0	12.46944444	7.75	0	1	1	1	0	0.771940642343
47	1	50.0	63.6171793	72.1833333333	0.0	1	0	50.0	18.6724157	7.75	0	1	1	1	0	2.51843032156
48	1	38.7	63.6171793	72.1833333333	1.0	1	0	38.7	18.6724157	7.75	0	1	1	1	0	1.66850709706
49	1	30.0	44.50614743	60.3	0.0	0	0	30.0	11.64418803	7.75	0	1	1	1	0	1.21307417261
50	1	38.0	44.50614743	60.3	0.0	0	1	38.0	11.64418803	7.75	0	1	1	1	0	1.64825773229
51	1	30.0	37.59233862	50.5333333333	0.0	0	0	30.0	10.24322581	7.75	0	1	1	1	0	1.45336064708
52	1	38.7	63.26119903	72.5833333333	1.0	1	0	38.7	17.40059967	7.75	0	1	1	1	0	1.63830395563
53	1	60.0	33.01023753	71.2833333333	0.0	1	0	60.0	9.123333333	7.75	0	1	1	1	0	2.23872119911
54	1	20.0	63.71749056	52.9833333333	0.0	0	0	20.0	16.194	7.75	0	1	1	1	0	1.69684155311
55	1	12.0	63.71749056	52.9833333333	0.0	0	1	12.0	16.194	7.75	0	1	1	1	0	1.36561587377
56	1	38.7	40.04845634	67.3166666667	1.0	0	1	38.7	10.47	7.75	0	1	1	1	0	1.1286589286
57	1	35.0	67.64752939	68.6166666667	0.0	0	0	35.0	18.99695869	7.75	0	1	1	1	0	1.78178074536
58	1	60.0	67.64752939	68.6166666667	0.0	1	0	60.0	18.99695869	7.75	0	1	1	1	0	6.95135737602
59	1	30.0	68.89495726	78.7	0.0	0	1	30.0	20.94357143	7.75	0	1	1	1	0	1.25554327023
60	1	45.0	68.28222352	69.7666666667	0.0	0	0	45.0	18.85839015	7.75	0	1	1	1	0	2.4441005459
61	1	20.0	52.88347112	43.8666666667	0.0	0	1	20.0	11.64636	7.75	0	1	1	1	0	1.8910672257
62	1	60.0	65.82688167	78.9	0.0	0	0	60.0	17.60878025	7.75	0	1	1	1	0	3.07285088201
63	1	40.0	65.82688167	78.9	1.0	1	0	40.0	17.60878025	7.75	0	1	1	1	0	1.49297896324
64	1	90.0	65.14715183	76.1666666667	0.0	0	0	90.0	21.42653999	7.75	0	1	1	1	0	-4.14919169855
65	1	30.0	65.14715183	76.1666666667	1.0	0	0	30.0	21.42653999	7.75	0	1	1	1	0	1.24325960643
66	1	90.0	68.31946108	54.6666666667	0.0	0	1	90.0	17.13209119	7.75	0	1	1	1	0	-1.71423003057
67	1	45.0	68.31946108	54.6666666667	1.0	1	0	45.0	17.13209119	7.75	0	1	1	1	0	6.26580631862
68	1	20.0	29.05064175	38.3166666667	0.0	0	0	20.0	7.331764706	7.75	0	1	1	1	0	1.16291037762
69	1	22.0	29.05064175	38.3166666667	0.0	0	1	22.0	7.331764706	7.75	0	1	1	1	0	1.30545301839
70	1	25.0	60.05021508	76.7166666667	0.0	1	0	25.0	16.73676123	7.75	0	1	1	1	0	1.01128356584
71	1	45.0	60.05021508	76.7166666667	0.0	0	0	45.0	16.73676123	7.75	0	1	1	1	0	1.64898208345
72	1	30.0	60.05021508	76.7166666667	0.0	1	0	30.0	16.73676123	7.75	0	1	1	1	0	1.11951940949
73	1	30.0	60.05021508	76.7166666667	1.0	0	0	30.0	16.73676123	7.75	0	1	1	1	0	1.11951940949
74	1	40.0	60.05021508	76.7166666667	1.0	1	1	40.0	16.73676123	7.75	0	1	1	1	0	1.42442710159
75	1	60.0	60.05021508	76.7166666667	0.0	0	0	60.0	16.73676123	7.75	0	1	1	1	0	3.12862702373
76	1	12.0	55.11776935	70.4166666667	0.0	1	1	12.0	15.35383142	7.75	0	1	1	1	0	0.810860530956
77	1	30.0	72.82606917	70.8166666667	0.0	1	0	30.0	21.43222222	7.75	0	1	1	1	0	1.59435040841
78	1	30.0	72.82606917	70.8166666667	0.0	0	1	30.0	21.43222222	7.75	0	1	1	1	0	1.59435040841
79	1	10.0	14.63331409	51.4833333333	0.0	0	1	10.0	3.243088235	7.75	0	1	1	1	0	0.165929628526
80	1	40.0	52.93533586	71.7833333333	0.0	0	0	40.0	15.5	7.75	0	1	1	1	0	1.42166762014
81	1	30.0	48.72482496	69.8333333333	0.0	0	1	30.0	13.52397059	7.75	0	1	1	1	0	1.02865669356
82	1	38.7	54.92187102	51.0833333333	1.0	0	0	38.7	15.01768362	7.75	0	1	1	1	0	3.80930317793
83	1	38.7	33.72320494	42.6666666667	1.0	0	1	38.7	7.478709677	7.75	0	1	1	1	0	6.5478667916
84	1	60.0	68.01877277	67.4333333333	0.0	1	0	60.0	19.02941967	7.75	0	1	1	1	0	8.10790665067
85	1	25.0	40.42082408	61.2333333333	1.0	1	0	25.0	11.19333333	7.75	0	1	1	1	0	0.901678677461
86	1	20.0	51.49745749	90.65	0.0	1	0	20.0	14.18875	7.75	0	1	1	1	0	0.619213835669
87	1	25.0	51.49745749	90.65	1.0	1	0	25.0	14.18875	7.75	0	1	1	1	0	0.66637406687
88	1	38.7	49.48759994	73.55	0.0	0	1	38.7	14.01	7.75	0	1	1	1	0	1.19763557934
89	1	44.0	66.09756196	56.4166666667	0.0	0	0	44.0	18.17986865	7.75	0	1	1	1	0	4.69913250685
90	1	20.0	65.48658724	75.3666666667	0.0	1	0	20.0	13.1650165	7.75	0	1	1	1	0	1.04280410427
91	1	30.0	68.50849737	79.6333333333	0.0	0	0	30.0	20.21110345	7.75	0	1	1	1	0	1.22414702559
92	1	45.0	68.50849737	79.6333333333	0.0	0	0	45.0	20.21110345	7.75	0	1	1	1	0	1.75433582397
93	1	50.0	66.69592392	58.0833333333	1.0	0	0	50.0	17.90852555	7.75	0	1	1	1	0	7.29227924784
94	1	50.0	66.69592392	58.0833333333	0.0	0	0	50.0	17.90852555	7.75	0	1	1	1	0	7.29227924784
95	1	120.0	66.69592392	58.0833333333	1.0	0	0	120.0	17.90852555	7.75	0	1	1	1	0	-0.952020305572
96	1	25.0	66.69592392	58.0833333333	0.0	0	1	25.0	17.90852555	7.75	0	1	1	1	0	1.7817407734
97	1	100.0	66.69592392	58.0833333333	1.0	0	1	100.0	17.90852555	7.75	0	1	1	1	0	-1.40626458656
98	1	60.0	66.69592392	58.0833333333	1.0	0	0	60.0	17.90852555	7.75	0	1	1	1	0	-30.7543950887
99	1	30.0	66.69592392	58.0833333333	1.0	0	0	30.0	17.90852555	7.75	0	1	1	1	0	2.09896464997
100	1	50.0	66.69592392	58.0833333333	1.0	1	0	50.0	17.90852555	7.75	0	1	1	1	0	7.29227924784
101	1	60.0	66.69592392	58.0833333333	1.0	0	0	60.0	17.90852555	7.75	0	1	1	1	0	-30.7543950887
102	1	25.0	68.52328677	72.2166666667	0.0	0	0	25.0	18.58254072	7.75	0	1	1	1	0	1.28711514515
103	1	40.0	68.52328677	72.2166666667	1.0	0	0	40.0	18.58254072	7.75	0	1	1	1	0	1.88639276058
104	1	45.0	68.52328677	72.2166666667	1.0	0	0	45.0	18.58254072	7.75	0	1	1	1	0	2.23294378824
105	1	20.0	46.05232605	64.05	0.0	0	0	20.0	11.7352381	7.75	0	1	1	1	0	0.869519320091
106	1	50.0	67.82537809	60.8333333333	1.0	0	0	50.0	18.0158923	7.75	0	1	1	1	0	5.545419516
107	1	40.0	67.82537809	60.8333333333	0.0	0	0	40.0	18.0158923	7.75	0	1	1	1	0	2.88361814832
108	1	60.0	67.82537809	60.8333333333	0.0	1	0	60.0	18.0158923	7.75	0	1	1	1	0	72.090453708
109	1	35.0	67.82537809	60.8333333333	0.0	0	0	35.0	18.0158923	7.75	0	1	1	1	0	2.32549850671
110	1	30.0	67.82537809	60.8333333333	1.0	0	0	30.0	18.0158923	7.75	0	1	1	1	0	1.94839064076
111	1	38.7	67.82537809	60.8333333333	1.0	1	0	38.7	18.0158923	7.75	0	1	1	1	0	2.71424901009
112	1	45.0	63.96542118	63.7833333333	1.0	1	0	45.0	19.71915066	7.75	0	1	1	1	0	2.99283520035
113	1	45.0	61.66907149	55.0166666667	0.0	0	1	45.0	15.81127273	7.75	0	1	1	1	0	5.38293558968
114	1	50.0	55.47388975	67.5166666667	0.0	0	0	50.0	15.70976744	7.75	0	1	1	1	0	2.72448466698
115	1	70.0	68.17891774	62.2333333333	0.0	1	0	70.0	16.79939338	7.75	0	1	1	1	0	-7.7805473485
116	1	45.0	68.17891774	62.2333333333	0.0	0	0	45.0	16.79939338	7.75	0	1	1	1	0	3.50651360193
117	1	60.0	68.17891774	62.2333333333	1.0	0	0	60.0	16.79939338	7.75	0	1	1	1	0	27.0577243612
118	1	45.0	68.17891774	62.2333333333	1.0	0	0	45.0	16.79939338	7.75	0	1	1	1	0	3.50651360193
119	1	38.7	68.17891774	62.2333333333	1.0	1	0	38.7	16.79939338	7.75	0	1	1	1	0	2.56780103711
120	1	50.0	68.79214545	96.25	0.0	1	0	50.0	20.895	7.75	0	1	1	1	0	1.31983017189
121	1	45.0	67.06555236	74.5333333333	0.0	0	0	45.0	19.82008784	7.75	0	1	1	1	0	2.00842728081
122	1	120.0	67.06555236	74.5333333333	1.0	0	0	120.0	19.82008784	7.75	0	1	1	1	0	-1.30459426012
123	1	60.0	67.06555236	74.5333333333	0.0	0	1	60.0	19.82008784	7.75	0	1	1	1	0	4.08134534587
124	1	45.0	67.06555236	74.5333333333	1.0	1	0	45.0	19.82008784	7.75	0	1	1	1	0	2.00842728081
125	1	30.0	67.06555236	74.5333333333	0.0	0	0	30.0	19.82008784	7.75	0	1	1	1	0	1.33193605599
126	1	35.0	67.06555236	74.5333333333	0.0	0	0	35.0	19.82008784	7.75	0	1	1	1	0	1.50039339865
127	1	50.0	67.06555236	74.5333333333	1.0	0	0	50.0	19.82008784	7.75	0	1	1	1	0	2.41775349293
128	1	30.0	27.70877356	38.6166666667	0.0	1	0	30.0	6.908571429	7.75	0	1	1	1	0	2.31629867234
129	1	35.0	27.70877356	38.6166666667	0.0	0	0	35.0	6.908571429	7.75	0	1	1	1	0	5.51855490138
130	1	38.7	27.70877356	38.6166666667	1.0	0	0	38.7	6.908571429	7.75	0	1	1	1	0	-239.50528272
131	1	38.7	27.70877356	38.6166666667	1.0	0	0	38.7	6.908571429	7.75	0	1	1	1	0	-239.50528272
132	1	45.0	63.90547715	72.5166666667	1.0	1	0	45.0	17.89190681	7.75	0	1	1	1	0	2.04078051423
133	1	45.0	63.90547715	72.5166666667	1.0	1	0	45.0	17.89190681	7.75	0	1	1	1	0	2.04078051423
134	1	80.0	63.90547715	72.5166666667	1.0	0	0	80.0	17.89190681	7.75	0	1	1	1	0	-7.50407267038
135	1	20.0	42.94517164	65.5333333333	1.0	0	0	20.0	12.33195248	7.75	0	1	1	1	0	0.772953989165
136	1	30.0	42.94517164	65.5333333333	1.0	0	0	30.0	12.33195248	7.75	0	1	1	1	0	0.990483254409
137	1	60.0	42.94517164	65.5333333333	0.0	0	0	60.0	12.33195248	7.75	0	1	1	1	0	6.36057318795
138	1	60.0	42.94517164	65.5333333333	1.0	0	1	60.0	12.33195248	7.75	0	1	1	1	0	6.36057318795
139	1	20.0	42.94517164	65.5333333333	1.0	0	0	20.0	12.33195248	7.75	0	1	1	1	0	0.772953989165
140	1	1.0	42.94517164	65.5333333333	1.0	0	1	1.0	12.33195248	7.75	0	1	1	1	0	0.545379725826
141	1	35.0	42.94517164	65.5333333333	1.0	0	0	35.0	12.33195248	7.75	0	1	1	1	0	1.15268029389
142	1	25.0	42.94517164	65.5333333333	0.0	1	0	25.0	12.33195248	7.75	0	1	1	1	0	0.868301931908
143	1	10.0	42.94517164	65.5333333333	1.0	0	1	10.0	12.33195248	7.75	0	1	1	1	0	0.633766596158
144	1	30.0	42.94517164	65.5333333333	1.0	1	0	30.0	12.33195248	7.75	0	1	1	1	0	0.990483254409
145	1	45.0	42.94517164	65.5333333333	1.0	0	0	45.0	12.33195248	7.75	0	1	1	1	0	1.71405056688
146	1	79.2	68.21929938	75.1166666667	1.0	1	0	79.2	20.21723229	7.75	0	1	1	1	0	-14.8088080114
147	1	60.0	66.60847718	53.6833333333	0.0	1	0	60.0	17.10824757	7.75	0	1	1	1	0	-9.31796472507
148	1	50.0	66.60847718	53.6833333333	1.0	0	0	50.0	17.10824757	7.75	0	1	1	1	0	15.9796770624
149	1	38.7	66.60847718	53.6833333333	1.0	0	0	38.7	17.10824757	7.75	0	1	1	1	0	3.92826321557
150	1	60.0	68.39660218	66.8333333333	0.0	1	0	60.0	16.37643817	7.75	0	1	1	1	0	8.87511251415
151	1	45.0	68.39660218	66.8333333333	0.0	0	0	45.0	16.37643817	7.75	0	1	1	1	0	2.77770697008
152	1	60.0	68.39660218	66.8333333333	0.0	0	1	60.0	16.37643817	7.75	0	1	1	1	0	8.87511251415
153	1	70.0	68.39660218	66.8333333333	1.0	0	1	70.0	16.37643817	7.75	0	1	1	1	0	-19.1515585832
154	1	38.7	68.39660218	66.8333333333	0.0	1	0	38.7	16.37643817	7.75	0	1	1	1	0	2.15568491161
155	1	38.7	68.39660218	66.8333333333	0.0	1	1	38.7	16.37643817	7.75	0	1	1	1	0	2.15568491161
156	1	60.0	68.39660218	66.8333333333	1.0	1	0	60.0	16.37643817	7.75	0	1	1	1	0	8.87511251415
157	1	40.0	68.39660218	66.8333333333	1.0	1	0	40.0	16.37643817	7.75	0	1	1	1	0	2.26012182037
158	1	35.0	68.39660218	66.8333333333	1.0	1	0	35.0	16.37643817	7.75	0	1	1	1	0	1.90512886429
159	1	75.0	68.39660218	66.8333333333	1.0	1	0	75.0	16.37643817	7.75	0	1	1	1	0	-7.42611455265
160	1	45.0	68.39660218	66.8333333333	1.0	0	0	45.0	16.37643817	7.75	0	1	1	1	0	2.77770697008
161	1	60.0	63.99179805	65.7333333333	0.0	0	0	60.0	19.2266559	7.75	0	1	1	1	0	9.80961593895
162	1	38.7	63.99179805	65.7333333333	1.0	0	0	38.7	19.2266559	7.75	0	1	1	1	0	2.08046108693
163	1	90.0	63.99179805	65.7333333333	1.0	0	0	90.0	19.2266559	7.75	0	1	1	1	0	-2.31765651305
164	1	70.0	64.82919017	71.1166666667	1.0	0	1	70.0	20.92561492	7.75	0	1	1	1	0	51.1156926896
165	1	60.0	37.18657779	35.15	0.0	0	1	60.0	6.18375	7.75	0	1	1	1	0	-1.18457053481
166	1	25.0	48.90327895	58.7666666667	1.0	0	1	25.0	14.15606469	7.75	0	1	1	1	0	1.21875455923
167	1	25.0	48.90327895	58.7666666667	0.0	0	1	25.0	14.15606469	7.75	0	1	1	1	0	1.21875455923
168	1	45.0	60.25857119	55.1333333333	1.0	1	0	45.0	17.38564167	7.75	0	1	1	1	0	5.18176689375
169	1	40.0	60.25857119	55.1333333333	0.0	1	0	40.0	17.38564167	7.75	0	1	1	1	0	3.46972937379
170	1	60.0	60.25857119	55.1333333333	0.0	1	0	60.0	17.38564167	7.75	0	1	1	1	0	-10.7894324363
171	1	38.7	60.25857119	55.1333333333	0.0	0	1	38.7	17.38564167	7.75	0	1	1	1	0	3.19524773976
172	1	38.7	60.25857119	55.1333333333	1.0	0	1	38.7	17.38564167	7.75	0	1	1	1	0	3.19524773976
173	1	38.7	60.25857119	55.1333333333	0.0	0	0	38.7	17.38564167	7.75	0	1	1	1	0	3.19524773976
174	1	45.0	66.83415588	70.3833333333	0.0	0	0	45.0	17.52427221	7.75	0	1	1	1	0	2.32767521523
175	1	40.0	66.83415588	70.3833333333	0.0	0	0	40.0	17.52427221	7.75	0	1	1	1	0	1.94462389073
176	1	30.0	66.83415588	70.3833333333	0.0	0	0	30.0	17.52427221	7.75	0	1	1	1	0	1.46308268791
177	1	55.0	66.83415588	70.3833333333	1.0	0	1	55.0	17.52427221	7.75	0	1	1	1	0	3.84079019805
178	1	23.0	48.3684003	73.2166666667	0.0	0	0	23.0	14.06296651	7.75	0	1	1	1	0	0.808862933289
179	1	45.0	48.3684003	73.2166666667	0.0	0	1	45.0	14.06296651	7.75	0	1	1	1	0	1.43951802599
180	1	40.0	65.62197309	92.75	0.0	0	1	40.0	20.68	7.75	0	1	1	1	0	1.09709901592
181	1	60.0	77.86252603	101.333333333	1.0	0	0	60.0	22.065	7.75	0	1	1	1	0	1.69627079105
182	1	60.0	68.44091579	73.0833333333	1.0	1	0	60.0	18.16930985	7.75	0	1	1	1	0	4.63879611134
183	1	38.7	68.44091579	73.0833333333	0.0	0	1	38.7	18.16930985	7.75	0	1	1	1	0	1.76512600456
184	1	45.0	68.44091579	73.0833333333	1.0	0	0	45.0	18.16930985	7.75	0	1	1	1	0	2.16110085899
185	1	45.0	68.44091579	73.0833333333	1.0	0	1	45.0	18.16930985	7.75	0	1	1	1	0	2.16110085899
186	1	45.0	68.04205471	65.05	1.0	1	0	45.0	17.6506841	7.75	0	1	1	1	0	3.00708502294
187	1	45.0	68.04205471	65.05	1.0	0	0	45.0	17.6506841	7.75	0	1	1	1	0	3.00708502294
188	1	45.0	68.04205471	65.05	1.0	0	1	45.0	17.6506841	7.75	0	1	1	1	0	3.00708502294
189	1	75.0	68.04205471	65.05	0.0	0	0	75.0	17.6506841	7.75	0	1	1	1	0	-6.05950298593
190	1	60.0	68.04205471	65.05	1.0	0	1	60.0	17.6506841	7.75	0	1	1	1	0	11.9390207347
191	1	40.0	68.04205471	65.05	1.0	0	0	40.0	17.6506841	7.75	0	1	1	1	0	2.4068684515
192	1	50.0	68.04205471	65.05	0.0	1	0	50.0	17.6506841	7.75	0	1	1	1	0	4.00611659203
193	1	60.0	68.04205471	65.05	1.0	0	0	60.0	17.6506841	7.75	0	1	1	1	0	11.9390207347
194	1	45.0	68.65013682	96.0	0.0	1	0	45.0	16.30275862	7.75	0	1	1	1	0	1.1941203298
195	1	40.0	68.65013682	96.0	0.0	0	1	40.0	16.30275862	7.75	0	1	1	1	0	1.08750244321
196	1	79.2	68.65013682	96.0	1.0	1	0	79.2	16.30275862	7.75	0	1	1	1	0	3.62500814405
197	1	75.0	68.65013682	96.0	1.0	0	0	75.0	16.30275862	7.75	0	1	1	1	0	2.90000651524
198	1	80.0	68.65013682	96.0	1.0	0	1	80.0	16.30275862	7.75	0	1	1	1	0	3.80625855125
199	1	45.0	68.49460435	74.75	1.0	0	1	45.0	18.31506925	7.75	0	1	1	1	0	2.04183544034
200	1	30.0	68.49460435	74.75	0.0	0	0	30.0	18.31506925	7.75	0	1	1	1	0	1.35742132626
201	1	30.0	68.49460435	74.75	0.0	0	0	30.0	18.31506925	7.75	0	1	1	1	0	1.35742132626
202	1	30.0	68.49460435	74.75	0.0	0	0	30.0	18.31506925	7.75	0	1	1	1	0	1.35742132626
203	1	45.0	68.49460435	74.75	0.0	0	0	45.0	18.31506925	7.75	0	1	1	1	0	2.04183544034
204	1	38.7	68.49460435	74.75	0.0	0	1	38.7	18.31506925	7.75	0	1	1	1	0	1.6850098294
205	1	79.2	68.49460435	74.75	0.0	0	0	79.2	18.31506925	7.75	0	1	1	1	0	-13.6504728876
206	1	40.0	68.49460435	74.75	1.0	0	0	40.0	18.31506925	7.75	0	1	1	1	0	1.74804616835
207	1	38.7	44.53693126	43.25	1.0	1	0	38.7	11.9069338	7.75	0	1	1	1	0	8.08503983736
208	1	38.7	44.53693126	43.25	1.0	0	0	38.7	11.9069338	7.75	0	1	1	1	0	8.08503983736
209	1	75.0	68.68188962	77.3833333333	0.0	0	0	75.0	18.23428021	7.75	0	1	1	1	0	25.5658278126
210	1	38.7	68.68188962	77.3833333333	0.0	1	1	38.7	18.23428021	7.75	0	1	1	1	0	1.5751457894
211	1	65.0	68.28061554	50.0166666667	0.0	1	0	65.0	17.238983	7.75	0	1	1	1	0	-4.03986310612
212	1	38.0	68.28061554	50.0166666667	1.0	0	1	38.0	17.238983	7.75	0	1	1	1	0	5.03722182025
213	1	35.0	68.28061554	50.0166666667	0.0	0	0	35.0	17.238983	7.75	0	1	1	1	0	4.03089559645
214	1	30.0	68.28061554	50.0166666667	1.0	1	0	30.0	17.238983	7.75	0	1	1	1	0	3.02401076803
215	1	35.0	68.28061554	50.0166666667	0.0	0	0	35.0	17.238983	7.75	0	1	1	1	0	4.03089559645
216	1	45.0	68.28061554	50.0166666667	0.0	0	0	45.0	17.238983	7.75	0	1	1	1	0	12.0659034299
217	1	60.0	68.28061554	50.0166666667	0.0	1	0	60.0	17.238983	7.75	0	1	1	1	0	-6.06316683205
218	1	38.7	68.28061554	50.0166666667	1.0	1	0	38.7	17.238983	7.75	0	1	1	1	0	5.3488025514
219	1	38.7	68.28061554	50.0166666667	1.0	1	0	38.7	17.238983	7.75	0	1	1	1	0	5.3488025514
220	1	90.0	68.28061554	50.0166666667	1.0	0	0	90.0	17.238983	7.75	0	1	1	1	0	-1.51389617857
221	1	30.0	64.11250404	77.0833333333	0.0	1	0	30.0	18.01786517	7.75	0	1	1	1	0	1.19707973182
222	1	30.0	64.11250404	77.0833333333	0.0	1	0	30.0	18.01786517	7.75	0	1	1	1	0	1.19707973182
223	1	75.0	64.62069762	70.65	0.0	0	0	75.0	19.81752423	7.75	0	1	1	1	0	-13.0737235908
224	1	30.0	64.62069762	70.65	0.0	0	1	30.0	19.81752423	7.75	0	1	1	1	0	1.39903315178
225	1	45.0	64.62069762	70.65	1.0	0	0	45.0	19.81752423	7.75	0	1	1	1	0	2.21718119376
226	1	30.0	47.06751005	75.9333333333	0.0	0	1	30.0	12.46944444	7.75	0	1	1	1	0	0.855969014151
227	1	30.0	63.6171793	72.1833333333	0.0	0	0	30.0	18.6724157	7.75	0	1	1	1	0	1.32438986883
228	1	45.0	63.6171793	72.1833333333	0.0	0	1	45.0	18.6724157	7.75	0	1	1	1	0	2.055199729
229	1	30.0	63.6171793	72.1833333333	0.0	0	1	30.0	18.6724157	7.75	0	1	1	1	0	1.32438986883
230	1	30.0	63.6171793	72.1833333333	1.0	0	0	30.0	18.6724157	7.75	0	1	1	1	0	1.32438986883
231	1	38.7	63.6171793	72.1833333333	0.0	0	1	38.7	18.6724157	7.75	0	1	1	1	0	1.66850709706
232	1	38.7	63.6171793	72.1833333333	0.0	1	1	38.7	18.6724157	7.75	0	1	1	1	0	1.66850709706
233	1	45.0	44.50614743	60.3	0.0	0	0	45.0	11.64418803	7.75	0	1	1	1	0	2.40236257712
234	1	35.0	37.59233862	50.5333333333	0.0	0	0	35.0	10.24322581	7.75	0	1	1	1	0	1.92118059785
235	1	20.0	37.59233862	50.5333333333	0.0	0	1	20.0	10.24322581	7.75	0	1	1	1	0	0.977369168777
236	1	30.0	54.88827995	54.2333333333	0.0	0	0	30.0	8.705217391	7.75	0	1	1	1	0	1.94518349175
237	1	60.0	69.88257372	87.9	0.0	1	1	60.0	19.11083333	7.75	0	1	1	1	0	2.22697396846
238	1	79.2	69.88257372	87.9	1.0	0	0	79.2	19.11083333	7.75	0	1	1	1	0	7.14167514023
239	1	79.2	66.30087139	72.3333333333	1.0	0	0	79.2	18.8675127	7.75	0	1	1	1	0	-8.52682593058
240	1	38.7	66.30087139	72.3333333333	1.0	1	1	38.7	18.8675127	7.75	0	1	1	1	0	1.74085841596
241	1	45.0	66.30087139	72.3333333333	1.0	1	1	45.0	18.8675127	7.75	0	1	1	1	0	2.14210505085
242	1	60.0	66.30087139	72.3333333333	0.0	1	1	60.0	18.8675127	7.75	0	1	1	1	0	4.74736795054
243	1	45.0	72.99604381	99.7666666667	0.0	1	0	45.0	19.62	7.75	0	1	1	1	0	1.19134590037
244	1	75.0	72.99604381	99.7666666667	1.0	0	0	75.0	19.62	7.75	0	1	1	1	0	2.63442976353
245	1	60.0	63.26119903	72.5833333333	1.0	0	0	60.0	17.40059967	7.75	0	1	1	1	0	4.41148601563
246	1	65.0	63.26119903	72.5833333333	0.0	0	0	65.0	17.40059967	7.75	0	1	1	1	0	7.32015811385
247	1	75.0	63.26119903	72.5833333333	1.0	1	0	75.0	17.40059967	7.75	0	1	1	1	0	-22.9701513228
248	1	60.0	68.12933854	83.8333333333	0.0	0	0	60.0	18.3921875	7.75	0	1	1	1	0	2.53339881986
249	1	35.0	68.12933854	83.8333333333	0.0	1	0	35.0	18.3921875	7.75	0	1	1	1	0	1.23643696669
250	1	79.2	68.12933854	83.8333333333	1.0	1	0	79.2	18.3921875	7.75	0	1	1	1	0	13.0315119151
251	1	38.7	68.12933854	83.8333333333	0.0	0	0	38.7	18.3921875	7.75	0	1	1	1	0	1.3377992291
252	1	38.7	68.12933854	83.8333333333	1.0	0	0	38.7	18.3921875	7.75	0	1	1	1	0	1.3377992291
253	1	79.2	68.12933854	83.8333333333	1.0	1	0	79.2	18.3921875	7.75	0	1	1	1	0	13.0315119151
254	1	10.0	33.01023753	71.2833333333	0.0	0	1	10.0	9.123333333	7.75	0	1	1	1	0	0.412187721458
255	1	60.0	40.04845634	67.3166666667	1.0	0	0	60.0	10.47	7.75	0	1	1	1	0	4.41436760911
256	1	35.0	67.64752939	68.6166666667	0.0	0	0	35.0	18.99695869	7.75	0	1	1	1	0	1.78178074536
257	1	75.0	68.89495726	78.7	0.0	0	1	75.0	20.94357143	7.75	0	1	1	1	0	16.5256641243
258	1	45.0	68.89495726	78.7	0.0	0	0	45.0	20.94357143	7.75	0	1	1	1	0	1.81439042315
259	1	40.0	68.89495726	78.7	1.0	0	0	40.0	20.94357143	7.75	0	1	1	1	0	1.57997305581
260	1	35.0	68.28222352	69.7666666667	0.0	0	0	35.0	18.85839015	7.75	0	1	1	1	0	1.74109943011
261	1	75.0	68.28222352	69.7666666667	0.0	0	0	75.0	18.85839015	7.75	0	1	1	1	0	-11.5666669146
262	1	35.0	68.28222352	69.7666666667	1.0	0	0	35.0	18.85839015	7.75	0	1	1	1	0	1.74109943011
263	1	38.7	68.28222352	69.7666666667	1.0	1	0	38.7	18.85839015	7.75	0	1	1	1	0	1.94846213047
264	1	38.7	68.28222352	69.7666666667	1.0	0	0	38.7	18.85839015	7.75	0	1	1	1	0	1.94846213047
265	1	40.0	68.28222352	69.7666666667	1.0	0	0	40.0	18.85839015	7.75	0	1	1	1	0	2.0335573411
266	1	30.0	68.24247048	67.8833333333	1.0	0	1	30.0	19.4025	7.75	0	1	1	1	0	1.59680960352
267	1	35.0	68.24247048	67.8833333333	0.0	0	0	35.0	19.4025	7.75	0	1	1	1	0	1.83960883365
268	1	20.0	52.88347112	43.8666666667	0.0	0	0	20.0	11.64636	7.75	0	1	1	1	0	1.8910672257
269	1	40.0	65.82688167	78.9	0.0	1	0	40.0	17.60878025	7.75	0	1	1	1	0	1.49297896324
270	1	20.0	57.78582513	78.9833333333	0.0	1	0	20.0	16.17777778	7.75	0	1	1	1	0	0.848304466742
271	1	38.7	57.78582513	78.9833333333	0.0	1	0	38.7	16.17777778	7.75	0	1	1	1	0	1.24209743806
272	1	25.0	50.67282248	40.2166666667	0.0	0	0	25.0	13.9253022	7.75	0	1	1	1	0	2.82077694283
273	1	100.0	65.14715183	76.1666666667	0.0	0	0	100.0	21.42653999	7.75	0	1	1	1	0	-2.40827210476
274	1	75.0	68.31946108	54.6666666667	0.0	0	0	75.0	17.13209119	7.75	0	1	1	1	0	-2.97882595475
275	1	25.0	68.31946108	54.6666666667	0.0	1	1	25.0	17.13209119	7.75	0	1	1	1	0	2.04166722742
276	1	60.0	68.31946108	54.6666666667	1.0	0	0	60.0	17.13209119	7.75	0	1	1	1	0	-11.3567739525
277	1	60.0	68.62897643	83.6166666667	0.0	0	1	60.0	18.96198257	7.75	0	1	1	1	0	2.57779716711
278	1	30.0	68.62897643	83.6166666667	0.0	0	1	30.0	18.96198257	7.75	0	1	1	1	0	1.13544873665
279	1	38.7	29.05064175	38.3166666667	1.0	0	0	38.7	7.331764706	7.75	0	1	1	1	0	-55.5668915217
280	1	38.7	29.05064175	38.3166666667	0.0	0	0	38.7	7.331764706	7.75	0	1	1	1	0	-55.5668915217
281	1	20.0	39.23197631	42.4333333333	0.0	0	0	20.0	8.729411765	7.75	0	1	1	1	0	1.40335704205
282	1	38.7	39.23197631	42.4333333333	0.0	0	0	38.7	8.729411765	7.75	0	1	1	1	0	8.43267222589
283	1	40.0	60.05021508	76.7166666667	1.0	0	1	40.0	16.73676123	7.75	0	1	1	1	0	1.42442710159
284	1	45.0	77.91209095	93.5833333333	0.0	0	1	45.0	22.23	7.75	0	1	1	1	0	1.4441596765
285	1	11.0	60.0011298	53.9666666667	1.0	0	0	11.0	15.21274219	7.75	0	1	1	1	0	1.21608525524
286	1	30.0	60.0011298	53.9666666667	0.0	1	0	30.0	15.21274219	7.75	0	1	1	1	0	2.18015840612
287	1	60.0	60.0011298	53.9666666667	1.0	0	1	60.0	15.21274219	7.75	0	1	1	1	0	-8.66040825414
288	1	60.0	60.0011298	53.9666666667	1.0	0	0	60.0	15.21274219	7.75	0	1	1	1	0	-8.66040825414
289	1	20.0	60.0011298	53.9666666667	1.0	0	1	20.0	15.21274219	7.75	0	1	1	1	0	1.53830607851
290	1	30.0	60.0011298	53.9666666667	1.0	1	0	30.0	15.21274219	7.75	0	1	1	1	0	2.18015840612
291	1	60.0	67.33464159	78.6	0.0	0	0	60.0	20.41074442	7.75	0	1	1	1	0	3.2034753543
292	1	70.0	55.11776935	70.4166666667	0.0	1	0	70.0	15.35383142	7.75	0	1	1	1	0	113.68264644
293	1	30.0	72.82606917	70.8166666667	0.0	0	0	30.0	21.43222222	7.75	0	1	1	1	0	1.59435040841
294	1	30.0	51.41066824	55.2166666667	0.0	0	1	30.0	14.02917485	7.75	0	1	1	1	0	1.73142108024
295	1	30.0	51.41066824	55.2166666667	0.0	0	1	30.0	14.02917485	7.75	0	1	1	1	0	1.73142108024
296	1	35.0	14.63331409	51.4833333333	0.0	0	0	35.0	3.243088235	7.75	0	1	1	1	0	0.417592361375
297	1	35.0	14.63331409	51.4833333333	0.0	0	0	35.0	3.243088235	7.75	0	1	1	1	0	0.417592361375
298	1	38.7	14.63331409	51.4833333333	1.0	0	0	38.7	3.243088235	7.75	0	1	1	1	0	0.538460033116
299	1	38.7	14.63331409	51.4833333333	1.0	1	0	38.7	3.243088235	7.75	0	1	1	1	0	0.538460033116
300	1	30.0	63.63739365	97.6666666667	1.0	0	1	30.0	17.23222222	7.75	0	1	1	1	0	0.825922073645
301	1	30.0	68.26557765	66.6833333333	0.0	1	0	30.0	17.02806239	7.75	0	1	1	1	0	1.64967499273
302	1	60.0	68.26557765	66.6833333333	0.0	0	0	60.0	17.02806239	7.75	0	1	1	1	0	9.05469989776
303	1	70.0	68.26557765	66.6833333333	0.0	0	0	70.0	17.02806239	7.75	0	1	1	1	0	-18.245902809
304	1	38.7	68.26557765	66.6833333333	0.0	0	0	38.7	17.02806239	7.75	0	1	1	1	0	2.16255786718
305	1	60.0	68.26557765	66.6833333333	1.0	0	0	60.0	17.02806239	7.75	0	1	1	1	0	9.05469989776
306	1	30.0	52.04316727	82.9	0.0	0	1	30.0	14.085	7.75	0	1	1	1	0	0.837299948393
307	1	38.7	54.92187102	51.0833333333	1.0	0	1	38.7	15.01768362	7.75	0	1	1	1	0	3.80930317793
308	1	30.0	53.96259508	64.2166666667	0.0	0	0	30.0	14.87803456	7.75	0	1	1	1	0	1.35058728924
309	1	10.0	33.72320494	42.6666666667	0.0	0	1	10.0	7.478709677	7.75	0	1	1	1	0	0.795098110408
310	1	45.0	68.79214545	89.0166666667	1.0	0	1	45.0	21.88678571	7.75	0	1	1	1	0	1.38679618591
311	1	30.0	68.45862449	82.7333333333	0.0	1	0	30.0	17.77271028	7.75	0	1	1	1	0	1.15123813824
312	1	80.0	68.45862449	82.7333333333	1.0	0	0	80.0	17.77271028	7.75	0	1	1	1	0	22.2104723744
313	1	60.0	68.01877277	67.4333333333	1.0	0	0	60.0	19.02941967	7.75	0	1	1	1	0	8.10790665067
314	1	12.0	44.50074113	40.5666666667	0.0	1	1	12.0	8.585065963	7.75	0	1	1	1	0	1.28649035461
315	1	45.0	42.82409193	71.7166666667	1.0	0	0	45.0	11.45416667	7.75	0	1	1	1	0	1.31281691566
316	1	45.0	51.19727193	59.9833333333	1.0	0	1	45.0	14.90703349	7.75	0	1	1	1	0	2.89970669166
317	1	50.0	51.19727193	59.9833333333	0.0	0	0	50.0	14.90703349	7.75	0	1	1	1	0	4.35198049382
318	1	25.0	51.49745749	90.65	0.0	0	1	25.0	14.18875	7.75	0	1	1	1	0	0.66637406687
319	1	38.7	51.49745749	90.65	1.0	0	1	38.7	14.18875	7.75	0	1	1	1	0	0.842106977671
320	1	38.7	51.49745749	90.65	1.0	0	1	38.7	14.18875	7.75	0	1	1	1	0	0.842106977671
321	1	25.0	36.76478031	53.0833333333	0.0	1	0	25.0	9.61421875	7.75	0	1	1	1	0	1.03316725139
322	1	30.0	61.73806586	98.6833333333	1.0	0	0	30.0	18.626	7.75	0	1	1	1	0	0.786043181655
323	1	70.0	68.48165068	76.6	0.0	0	0	70.0	19.42731972	7.75	0	1	1	1	0	9.20176525455
324	1	35.0	68.48165068	76.6	0.0	1	0	35.0	19.42731972	7.75	0	1	1	1	0	1.45989544904
325	1	38.7	68.48165068	76.6	1.0	0	0	38.7	19.42731972	7.75	0	1	1	1	0	1.60241822375
326	1	35.0	68.48165068	76.6	1.0	0	0	35.0	19.42731972	7.75	0	1	1	1	0	1.45989544904
327	1	50.0	68.48165068	76.6	1.0	1	0	50.0	19.42731972	7.75	0	1	1	1	0	2.28314476241
328	1	45.0	68.25254165	63.85	0.0	1	0	45.0	17.10914894	7.75	0	1	1	1	0	3.20968390716
329	1	38.7	49.48759994	73.55	0.0	0	0	38.7	14.01	7.75	0	1	1	1	0	1.19763557934
330	1	38.7	49.48759994	73.55	1.0	0	1	38.7	14.01	7.75	0	1	1	1	0	1.19763557934
331	1	45.0	71.13954012	88.0	0.0	0	0	45.0	17.86	7.75	0	1	1	1	0	1.47417535163
332	1	50.0	70.57648261	90.55	1.0	0	0	50.0	19.125	7.75	0	1	1	1	0	1.54935838742
333	1	38.7	42.85213151	93.1166666667	0.0	0	1	38.7	12.19928571	7.75	0	1	1	1	0	0.645062141072
334	1	38.7	42.85213151	93.1166666667	0.0	0	1	38.7	12.19928571	7.75	0	1	1	1	0	0.645062141072
335	1	45.0	68.50849737	79.6333333333	1.0	0	0	45.0	20.21110345	7.75	0	1	1	1	0	1.75433582397
336	1	45.0	55.31445207	95.3833333333	0.0	1	0	45.0	16.12333333	7.75	0	1	1	1	0	0.944051314654
337	1	15.0	55.31445207	95.3833333333	1.0	0	1	15.0	16.12333333	7.75	0	1	1	1	0	0.591720324321
338	1	25.0	72.26565513	73.55	0.0	0	1	25.0	21.40375	7.75	0	1	1	1	0	1.32884974521
339	1	45.0	80.09294749	97.0833333333	1.0	0	0	45.0	22.645	7.75	0	1	1	1	0	1.38898459181
340	1	38.7	80.09294749	97.0833333333	1.0	0	0	38.7	22.645	7.75	0	1	1	1	0	1.23910272606
341	1	35.0	37.51617299	39.6	0.0	0	1	35.0	6.954418605	7.75	0	1	1	1	0	6.47090717174
342	1	49.0	54.42228349	106.516666667	0.0	0	1	49.0	15.65	7.75	0	1	1	1	0	0.811456681947
343	1	35.0	54.42228349	106.516666667	0.0	0	1	35.0	15.65	7.75	0	1	1	1	0	0.652607086786
344	1	20.0	30.76301617	37.1666666667	1.0	1	0	20.0	6.805263158	7.75	0	1	1	1	0	1.34056404874
345	1	38.7	65.55642085	76.0666666667	0.0	1	0	38.7	21.9797695	7.75	0	1	1	1	0	1.54700501829
346	1	20.0	52.62344859	58.4666666667	0.0	0	1	20.0	15.2153125	7.75	0	1	1	1	0	1.16655412279
347	1	35.0	48.52372522	62.2833333333	1.0	0	1	35.0	13.09903803	7.75	0	1	1	1	0	1.49445541429
348	1	45.0	67.20606797	85.9666666667	1.0	0	0	45.0	18.05666667	7.75	0	1	1	1	0	1.45132794068
349	3	47.87902275	66.69592392	58.0833333333	1.0	0	0	60.0	17.90852555	7.75	0	1	1	1	0	5.77657093428
350	3	35.0562903167	68.52328677	72.2166666667	0.0	0	0	30.0	18.58254072	7.75	0	1	1	1	0	1.63543248856
351	3	48.2056049667	67.06555236	74.5333333333	0.0	0	0	130.0	19.82008784	7.75	0	1	1	1	0	2.25296886742
352	3	26.3727565167	42.94517164	65.5333333333	1.0	0	0	60.0	12.33195248	7.75	0	1	1	1	0	0.898739868025
353	3	40.9683836667	66.60847718	53.6833333333	1.0	0	0	40.0	17.10824757	7.75	0	1	1	1	0	4.62907669499
354	3	40.9683836667	66.60847718	53.6833333333	1.0	0	0	90.0	17.10824757	7.75	0	1	1	1	0	4.62907669499
355	3	40.9683836667	66.60847718	53.6833333333	1.0	0	0	45.0	17.10824757	7.75	0	1	1	1	0	4.62907669499
356	3	46.9126850167	68.04205471	65.05	1.0	0	1	60.0	17.6506841	7.75	0	1	1	1	0	3.32419957229
357	3	29.3475862	68.65013682	96.0	0.0	0	0	35.0	16.30275862	7.75	0	1	1	1	0	0.913697394407
358	3	46.3806163833	68.28061554	50.0166666667	1.0	0	0	60.0	17.238983	7.75	0	1	1	1	0	16.6473538107
359	3	47.2605788833	63.6171793	72.1833333333	0.0	0	0	30.0	18.6724157	7.75	0	1	1	1	0	2.24161335827
360	3	49.6781623333	66.30087139	72.3333333333	1.0	1	1	60.0	18.8675127	7.75	0	1	1	1	0	2.58443740681
361	3	47.87902275	66.69592392	58.0833333333	1.0	0	1	60.0	17.90852555	7.75	0	1	1	1	0	5.77657093428
362	3	42.8038599667	66.83415588	70.3833333333	0.0	0	0	60.0	17.52427221	7.75	0	1	1	1	0	2.14232357139
363	3	33.8378619667	68.44091579	73.0833333333	0.0	0	1	90.0	18.16930985	7.75	0	1	1	1	0	1.54644379788
364	3	46.3806163833	68.28061554	50.0166666667	1.0	0	0	38.7	17.238983	7.75	0	1	1	1	0	16.6473538107
365	3	34.4916666667	55.31445207	95.3833333333	1.0	0	0	45.0	16.12333333	7.75	0	1	1	1	0	0.781132372848
366	4	47.87902275	66.69592392	58.0833333333	1.0	1	0	60.0	17.90852555	7.75	0	1	1	1	1	5.77657093428
367	4	47.87902275	66.69592392	58.0833333333	1.0	1	0	38.7	17.90852555	7.75	0	1	1	1	1	5.77657093428
368	4	9.9796875	44.23811717	31.4666666667	1.0	0	1	30.0	4.713072917	7.75	0	1	1	1	1	1.6981501628
369	4	36.4541666667	69.68431403	97.6666666667	0.0	0	1	30.0	17.7475	7.75	0	1	1	1	1	1.01179193841
370	4	36.4541666667	69.68431403	97.6666666667	0.0	0	1	38.7	17.7475	7.75	0	1	1	1	1	1.01179193841
371	4	36.4541666667	69.68431403	97.6666666667	1.0	0	0	55.0	17.7475	7.75	0	1	1	1	1	1.01179193841
372	4	35.0562903167	68.52328677	72.2166666667	1.0	0	0	60.0	18.58254072	7.75	0	1	1	1	1	1.63543248856
373	4	28.7190476167	46.05232605	64.05	1.0	0	0	20.0	11.7352381	7.75	0	1	1	1	1	1.08410114832
374	4	28.7190476167	46.05232605	64.05	0.0	0	0	55.0	11.7352381	7.75	0	1	1	1	1	1.08410114832
375	4	47.49112175	67.82537809	60.8333333333	0.0	1	1	60.0	18.0158923	7.75	0	1	1	1	1	4.50265517937
376	4	47.49112175	67.82537809	60.8333333333	0.0	0	0	60.0	18.0158923	7.75	0	1	1	1	1	4.50265517937
377	4	40.1878643167	68.17891774	62.2333333333	1.0	0	1	67.0	16.79939338	7.75	0	1	1	1	1	2.74110374764
378	4	40.1878643167	68.17891774	62.2333333333	1.0	0	0	80.0	16.79939338	7.75	0	1	1	1	1	2.74110374764
379	4	48.2056049667	67.06555236	74.5333333333	1.0	1	0	38.7	19.82008784	7.75	0	1	1	1	1	2.25296886742
380	4	48.2056049667	67.06555236	74.5333333333	0.0	0	0	38.7	19.82008784	7.75	0	1	1	1	1	2.25296886742
381	4	16.1523809517	27.70877356	38.6166666667	0.0	0	0	15.0	6.908571429	7.75	0	1	1	1	1	0.888466867508
382	4	16.1523809517	27.70877356	38.6166666667	0.0	0	1	8.0	6.908571429	7.75	0	1	1	1	1	0.888466867508
383	4	16.1523809517	27.70877356	38.6166666667	1.0	0	0	25.0	6.908571429	7.75	0	1	1	1	1	0.888466867508
384	4	16.1523809517	27.70877356	38.6166666667	0.0	1	0	7.0	6.908571429	7.75	0	1	1	1	1	0.888466867508
385	4	16.1523809517	27.70877356	38.6166666667	1.0	0	0	20.0	6.908571429	7.75	0	1	1	1	1	0.888466867508
386	4	16.1523809517	27.70877356	38.6166666667	1.0	0	0	20.0	6.908571429	7.75	0	1	1	1	1	0.888466867508
387	4	45.33499255	63.90547715	72.5166666667	0.0	0	0	60.0	17.89190681	7.75	0	1	1	1	1	2.0659315136
388	4	45.33499255	63.90547715	72.5166666667	1.0	0	1	38.7	17.89190681	7.75	0	1	1	1	1	2.0659315136
389	4	26.3727565167	42.94517164	65.5333333333	0.0	0	0	10.0	12.33195248	7.75	0	1	1	1	1	0.898739868025
390	4	26.3727565167	42.94517164	65.5333333333	1.0	0	1	30.0	12.33195248	7.75	0	1	1	1	1	0.898739868025
391	4	40.9683836667	66.60847718	53.6833333333	1.0	1	0	40.0	17.10824757	7.75	0	1	1	1	1	4.62907669499
392	4	40.9683836667	66.60847718	53.6833333333	0.0	1	0	40.0	17.10824757	7.75	0	1	1	1	1	4.62907669499
393	4	37.9071900833	68.39660218	66.8333333333	0.0	0	0	60.0	16.37643817	7.75	0	1	1	1	1	2.09660173691
394	4	37.9071900833	68.39660218	66.8333333333	1.0	1	1	38.7	16.37643817	7.75	0	1	1	1	1	2.09660173691
395	4	37.9071900833	68.39660218	66.8333333333	1.0	0	0	38.7	16.37643817	7.75	0	1	1	1	1	2.09660173691
396	4	37.9071900833	68.39660218	66.8333333333	1.0	0	0	38.7	16.37643817	7.75	0	1	1	1	1	2.09660173691
397	4	37.9071900833	68.39660218	66.8333333333	1.0	1	1	30.0	16.37643817	7.75	0	1	1	1	1	2.09660173691
398	4	37.9071900833	68.39660218	66.8333333333	1.0	0	0	35.0	16.37643817	7.75	0	1	1	1	1	2.09660173691
399	4	43.8253634833	63.99179805	65.7333333333	1.0	0	1	35.0	19.2266559	7.75	0	1	1	1	1	2.56718438245
400	4	11.3888888883	37.18657779	35.15	0.0	0	0	10.0	6.18375	7.75	0	1	1	1	1	1.23885527287
401	4	37.6085556333	60.25857119	55.1333333333	0.0	0	0	30.0	17.38564167	7.75	0	1	1	1	1	2.99624748963
402	4	37.6085556333	60.25857119	55.1333333333	0.0	0	0	30.0	17.38564167	7.75	0	1	1	1	1	2.99624748963
403	4	37.6085556333	60.25857119	55.1333333333	1.0	0	1	60.0	17.38564167	7.75	0	1	1	1	1	2.99624748963
404	4	42.8038599667	66.83415588	70.3833333333	1.0	0	0	45.0	17.52427221	7.75	0	1	1	1	1	2.14232357139
405	4	25.5992823	48.3684003	73.2166666667	1.0	0	1	30.0	14.06296651	7.75	0	1	1	1	1	0.853016200706
406	4	25.5992823	48.3684003	73.2166666667	1.0	0	0	30.0	14.06296651	7.75	0	1	1	1	1	0.853016200706
407	4	29.5083333333	65.62197309	92.75	1.0	0	0	45.0	20.68	7.75	0	1	1	1	1	0.915092472104
408	4	38.3041666667	77.86252603	101.333333333	0.0	0	0	35.0	22.065	7.75	0	1	1	1	1	1.11238224679
409	4	38.3041666667	77.86252603	101.333333333	0.0	0	0	45.0	22.065	7.75	0	1	1	1	1	1.11238224679
410	4	38.3041666667	77.86252603	101.333333333	0.0	1	1	60.0	22.065	7.75	0	1	1	1	1	1.11238224679
411	4	33.8378619667	68.44091579	73.0833333333	0.0	0	0	60.0	18.16930985	7.75	0	1	1	1	1	1.54644379788
412	4	33.8378619667	68.44091579	73.0833333333	1.0	0	0	38.7	18.16930985	7.75	0	1	1	1	1	1.54644379788
413	4	33.8378619667	68.44091579	73.0833333333	1.0	0	0	60.0	18.16930985	7.75	0	1	1	1	1	1.54644379788
414	4	33.8378619667	68.44091579	73.0833333333	1.0	0	0	45.0	18.16930985	7.75	0	1	1	1	1	1.54644379788
415	4	46.9126850167	68.04205471	65.05	1.0	0	0	60.0	17.6506841	7.75	0	1	1	1	1	3.32419957229
416	4	46.9126850167	68.04205471	65.05	0.0	0	1	50.0	17.6506841	7.75	0	1	1	1	1	3.32419957229
417	4	38.7035714333	68.93829116	81.0	1.0	0	1	40.0	20.70642857	7.75	0	1	1	1	1	1.44665384841
418	4	29.3475862	68.65013682	96.0	0.0	0	0	15.0	16.30275862	7.75	0	1	1	1	1	0.913697394407
419	4	29.3475862	68.65013682	96.0	0.0	0	1	30.0	16.30275862	7.75	0	1	1	1	1	0.913697394407
420	4	39.87602955	68.49460435	74.75	1.0	0	0	15.0	18.31506925	7.75	0	1	1	1	1	1.74183219078
421	4	39.87602955	68.49460435	74.75	0.0	0	0	79.2	18.31506925	7.75	0	1	1	1	1	1.74183219078
422	4	39.87602955	68.49460435	74.75	1.0	0	0	79.2	18.31506925	7.75	0	1	1	1	1	1.74183219078
423	4	39.87602955	68.49460435	74.75	1.0	0	0	60.0	18.31506925	7.75	0	1	1	1	1	1.74183219078
424	4	28.7714285667	44.53693126	43.25	0.0	0	1	45.0	11.9069338	7.75	0	1	1	1	1	2.54078459532
425	4	28.7714285667	44.53693126	43.25	1.0	1	0	45.0	11.9069338	7.75	0	1	1	1	1	2.54078459532
426	4	37.2806983667	68.68188962	77.3833333333	0.0	1	0	35.0	18.23428021	7.75	0	1	1	1	1	1.51939865474
427	4	37.2806983667	68.68188962	77.3833333333	0.0	0	1	60.0	18.23428021	7.75	0	1	1	1	1	1.51939865474
428	4	37.2806983667	68.68188962	77.3833333333	1.0	0	0	38.7	18.23428021	7.75	0	1	1	1	1	1.51939865474
429	4	46.3806163833	68.28061554	50.0166666667	0.0	0	0	25.0	17.238983	7.75	0	1	1	1	1	16.6473538107
430	4	46.3806163833	68.28061554	50.0166666667	0.0	0	0	30.0	17.238983	7.75	0	1	1	1	1	16.6473538107
431	4	46.3806163833	68.28061554	50.0166666667	1.0	0	0	45.0	17.238983	7.75	0	1	1	1	1	16.6473538107
432	4	46.3806163833	68.28061554	50.0166666667	1.0	0	0	38.7	17.238983	7.75	0	1	1	1	1	16.6473538107
433	4	46.3806163833	68.28061554	50.0166666667	1.0	0	0	38.7	17.238983	7.75	0	1	1	1	1	16.6473538107
434	4	38.8239700333	64.11250404	77.0833333333	0.0	0	0	30.0	18.01786517	7.75	0	1	1	1	1	1.47316889719
435	4	38.8239700333	64.11250404	77.0833333333	0.0	0	0	35.0	18.01786517	7.75	0	1	1	1	1	1.47316889719
436	4	38.8239700333	64.11250404	77.0833333333	0.0	0	0	35.0	18.01786517	7.75	0	1	1	1	1	1.47316889719
437	4	14.2666666667	35.09196422	69.7166666667	0.0	0	0	50.0	10.3	7.75	0	1	1	1	1	0.493092231199
438	4	45.6354267667	64.62069762	70.65	1.0	0	0	40.0	19.81752423	7.75	0	1	1	1	1	2.27350261344
439	4	33.5847517667	52.9011677	66.5	1.0	0	1	15.0	14.60340426	7.75	0	1	1	1	1	1.37174015459
440	4	33.5847517667	52.9011677	66.5	0.0	0	0	35.0	14.60340426	7.75	0	1	1	1	1	1.37174015459
441	4	32.3137566167	47.06751005	75.9333333333	0.0	0	0	30.0	12.46944444	7.75	0	1	1	1	1	0.901373030403
442	4	32.3137566167	47.06751005	75.9333333333	0.0	0	0	35.0	12.46944444	7.75	0	1	1	1	1	0.901373030403
443	4	32.3137566167	47.06751005	75.9333333333	1.0	0	0	45.0	12.46944444	7.75	0	1	1	1	1	0.901373030403
444	4	47.2605788833	63.6171793	72.1833333333	1.0	0	1	45.0	18.6724157	7.75	0	1	1	1	1	2.24161335827
445	4	47.2605788833	63.6171793	72.1833333333	1.0	1	0	38.7	18.6724157	7.75	0	1	1	1	1	2.24161335827
446	4	47.2605788833	63.6171793	72.1833333333	1.0	1	0	38.7	18.6724157	7.75	0	1	1	1	1	2.24161335827
447	4	47.2605788833	63.6171793	72.1833333333	0.0	1	0	60.0	18.6724157	7.75	0	1	1	1	1	2.24161335827
448	4	28.1725071167	44.50614743	60.3	0.0	0	0	30.0	11.64418803	7.75	0	1	1	1	1	1.14407145193
449	4	28.1725071167	44.50614743	60.3	1.0	0	1	45.0	11.64418803	7.75	0	1	1	1	1	1.14407145193
450	4	23.0123655833	37.59233862	50.5333333333	0.0	0	1	30.0	10.24322581	7.75	0	1	1	1	1	1.084349173
451	4	28.25	68.79214545	100.616666667	1.0	0	1	60.0	17.515	7.75	0	1	1	1	1	0.843511913174
452	4	20.3724637667	54.88827995	54.2333333333	0.0	0	0	25.0	8.705217391	7.75	0	1	1	1	1	1.39211663945
453	4	49.6781623333	66.30087139	72.3333333333	0.0	0	0	2.0	18.8675127	7.75	0	1	1	1	1	2.58443740681
454	4	38.81	72.99604381	99.7666666667	0.0	1	0	30.0	19.62	7.75	0	1	1	1	1	1.07036764603
455	4	39.7790153833	63.26119903	72.5833333333	0.0	1	0	70.0	17.40059967	7.75	0	1	1	1	1	1.69219183629
456	4	39.7790153833	63.26119903	72.5833333333	0.0	1	0	35.0	17.40059967	7.75	0	1	1	1	1	1.69219183629
457	4	32.3890625	68.12933854	83.8333333333	1.0	0	0	79.2	18.3921875	7.75	0	1	1	1	1	1.17368440765
458	4	32.3890625	68.12933854	83.8333333333	1.0	0	0	38.7	18.3921875	7.75	0	1	1	1	1	1.17368440765
459	4	16.5888888883	33.01023753	71.2833333333	0.0	0	0	15.0	9.123333333	7.75	0	1	1	1	1	0.461842839548
460	4	16.5888888883	33.01023753	71.2833333333	0.0	0	0	15.0	9.123333333	7.75	0	1	1	1	1	0.461842839548
461	4	16.5888888883	33.01023753	71.2833333333	0.0	1	0	30.0	9.123333333	7.75	0	1	1	1	1	0.461842839548
462	4	16.5888888883	33.01023753	71.2833333333	0.0	1	0	20.0	9.123333333	7.75	0	1	1	1	1	0.461842839548
463	4	37.0066666667	63.71749056	52.9833333333	1.0	0	0	15.0	16.194	7.75	0	1	1	1	1	3.50307681369
464	4	37.0066666667	63.71749056	52.9833333333	0.0	0	0	20.0	16.194	7.75	0	1	1	1	1	3.50307681369
465	4	25.85555555	40.04845634	67.3166666667	0.0	0	0	90.0	10.47	7.75	0	1	1	1	1	0.779006048562
466	4	25.85555555	40.04845634	67.3166666667	0.0	0	0	20.0	10.47	7.75	0	1	1	1	1	0.779006048562
467	4	25.85555555	40.04845634	67.3166666667	1.0	0	1	20.0	10.47	7.75	0	1	1	1	1	0.779006048562
468	4	25.85555555	40.04845634	67.3166666667	0.0	0	1	40.0	10.47	7.75	0	1	1	1	1	0.779006048562
469	4	25.85555555	40.04845634	67.3166666667	1.0	0	1	38.7	10.47	7.75	0	1	1	1	1	0.779006048562
470	4	25.85555555	40.04845634	67.3166666667	1.0	0	0	38.7	10.47	7.75	0	1	1	1	1	0.779006048562
471	4	36.6416666667	68.89495726	78.7	0.0	0	0	30.0	20.94357143	7.75	0	1	1	1	1	1.45381313081
472	4	36.6416666667	68.89495726	78.7	0.0	0	1	38.7	20.94357143	7.75	0	1	1	1	1	1.45381313081
473	4	36.6416666667	68.89495726	78.7	1.0	0	1	30.0	20.94357143	7.75	0	1	1	1	1	1.45381313081
474	4	36.833021	68.28222352	69.7666666667	1.0	1	0	79.2	18.85839015	7.75	0	1	1	1	1	1.83800555009
475	4	42.8333333333	68.24247048	67.8833333333	1.0	0	0	38.7	19.4025	7.75	0	1	1	1	1	2.41486908104
476	4	42.8333333333	68.24247048	67.8833333333	0.0	0	1	38.7	19.4025	7.75	0	1	1	1	1	2.41486908104
477	4	25.5583333333	52.88347112	43.8666666667	0.0	0	1	20.0	11.64636	7.75	0	1	1	1	1	2.46518731652
478	4	25.5583333333	52.88347112	43.8666666667	0.0	1	1	38.7	11.64636	7.75	0	1	1	1	1	2.46518731652
479	4	40.1282754333	65.82688167	78.9	1.0	0	1	35.0	17.60878025	7.75	0	1	1	1	1	1.49791845266
480	4	40.1282754333	65.82688167	78.9	1.0	0	1	60.0	17.60878025	7.75	0	1	1	1	1	1.49791845266
481	4	34.4666666667	57.78582513	78.9833333333	0.0	0	0	30.0	16.17777778	7.75	0	1	1	1	1	1.12397959858
482	4	34.4666666667	57.78582513	78.9833333333	0.0	0	0	39.0	16.17777778	7.75	0	1	1	1	1	1.12397959858
483	4	34.4666666667	57.78582513	78.9833333333	0.0	0	1	30.0	16.17777778	7.75	0	1	1	1	1	1.12397959858
484	4	28.3826923	50.67282248	40.2166666667	0.0	0	1	45.0	13.9253022	7.75	0	1	1	1	1	3.62708428716
485	4	32.89375	62.35217524	93.3666666667	0.0	0	1	30.0	18.46125	7.75	0	1	1	1	1	0.902919492721
486	4	32.89375	62.35217524	93.3666666667	0.0	0	1	30.0	18.46125	7.75	0	1	1	1	1	0.902919492721
487	4	29.6166666667	42.22931287	68.5	1.0	0	0	50.0	12.0	7.75	0	1	1	1	1	0.886737579168
488	4	44.9954813333	68.31946108	54.6666666667	0.0	0	0	40.0	17.13209119	7.75	0	1	1	1	1	6.26287874675
489	4	44.9954813333	68.31946108	54.6666666667	1.0	0	0	38.7	17.13209119	7.75	0	1	1	1	1	6.26287874675
490	4	44.9954813333	68.31946108	54.6666666667	1.0	1	0	38.7	17.13209119	7.75	0	1	1	1	1	6.26287874675
491	4	44.9954813333	68.31946108	54.6666666667	1.0	1	0	30.0	17.13209119	7.75	0	1	1	1	1	6.26287874675
492	4	22.1833333333	68.79214545	109.45	0.0	0	0	45.0	17.0	7.75	0	1	1	1	1	0.69948982563
493	4	22.1833333333	68.79214545	109.45	0.0	0	1	38.7	17.0	7.75	0	1	1	1	1	0.69948982563
494	4	39.6539215667	68.62897643	83.6166666667	0.0	0	1	45.0	18.96198257	7.75	0	1	1	1	1	1.3847856018
495	4	17.1084967333	29.05064175	38.3166666667	1.0	0	0	38.7	7.331764706	7.75	0	1	1	1	1	1.00436019784
496	4	17.1084967333	29.05064175	38.3166666667	1.0	0	0	38.7	7.331764706	7.75	0	1	1	1	1	1.00436019784
497	4	17.1084967333	29.05064175	38.3166666667	0.0	0	0	38.7	7.331764706	7.75	0	1	1	1	1	1.00436019784
498	4	17.1084967333	29.05064175	38.3166666667	1.0	0	1	25.0	7.331764706	7.75	0	1	1	1	1	1.00436019784
499	4	19.2156862667	39.23197631	42.4333333333	1.0	0	1	20.0	8.729411765	7.75	0	1	1	1	1	1.35595033466
500	4	19.2156862667	39.23197631	42.4333333333	0.0	0	0	30.0	8.729411765	7.75	0	1	1	1	1	1.35595033466
501	4	19.2156862667	39.23197631	42.4333333333	0.0	1	1	30.0	8.729411765	7.75	0	1	1	1	1	1.35595033466
502	4	19.2156862667	39.23197631	42.4333333333	1.0	0	0	45.0	8.729411765	7.75	0	1	1	1	1	1.35595033466
503	4	19.2156862667	39.23197631	42.4333333333	0.0	0	0	20.0	8.729411765	7.75	0	1	1	1	1	1.35595033466
504	4	26.5972222167	65.31665318	90.9833333333	0.0	1	0	45.0	16.27666667	7.75	0	1	1	1	1	0.894084953752
505	4	26.5972222167	65.31665318	90.9833333333	1.0	0	0	38.7	16.27666667	7.75	0	1	1	1	1	0.894084953752
506	4	26.5972222167	65.31665318	90.9833333333	1.0	0	0	79.2	16.27666667	7.75	0	1	1	1	1	0.894084953752
507	4	39.0902679333	60.05021508	76.7166666667	1.0	0	0	45.0	16.73676123	7.75	0	1	1	1	1	1.38998726534
508	4	32.7888888833	77.91209095	93.5833333333	0.0	0	0	45.0	22.23	7.75	0	1	1	1	1	1.15408721282
509	4	32.7888888833	77.91209095	93.5833333333	0.0	1	1	35.0	22.23	7.75	0	1	1	1	1	1.15408721282
510	4	32.8931184833	60.0011298	53.9666666667	0.0	0	0	15.0	15.21274219	7.75	0	1	1	1	1	2.47946522083
511	4	32.8931184833	60.0011298	53.9666666667	1.0	0	1	38.7	15.21274219	7.75	0	1	1	1	1	2.47946522083
512	4	32.8931184833	60.0011298	53.9666666667	0.0	0	1	45.0	15.21274219	7.75	0	1	1	1	1	2.47946522083
513	4	34.8809834	55.11776935	70.4166666667	1.0	0	1	40.0	15.35383142	7.75	0	1	1	1	1	1.33296351711
514	4	13.8819779117	48.47012168	35.2666666667	1.0	0	1	35.0	6.674939759	7.75	0	1	1	1	1	1.90417181875
515	4	38.7351851833	72.82606917	70.8166666667	0.0	0	0	40.0	21.43222222	7.75	0	1	1	1	1	2.02846209592
516	4	15.1791666667	39.79964044	71.6166666667	0.0	0	0	15.0	7.77	7.75	0	1	1	1	1	0.567878457409
517	4	29.14728225	51.41066824	55.2166666667	1.0	0	0	30.0	14.02917485	7.75	0	1	1	1	1	1.67478708136
518	4	7.91004902	14.63331409	51.4833333333	0.0	0	0	15.0	3.243088235	7.75	0	1	1	1	1	0.157970972316
519	4	7.91004902	14.63331409	51.4833333333	1.0	1	0	15.0	3.243088235	7.75	0	1	1	1	1	0.157970972316
520	4	7.91004902	14.63331409	51.4833333333	1.0	0	0	90.0	3.243088235	7.75	0	1	1	1	1	0.157970972316
521	4	43.9547619	68.48116097	93.7666666667	0.0	0	0	45.0	17.67285714	7.75	0	1	1	1	1	1.21920977032
522	4	31.1833333333	52.93533586	71.7833333333	0.0	0	0	25.0	15.5	7.75	0	1	1	1	1	1.1129393069
523	4	31.1833333333	52.93533586	71.7833333333	0.0	0	0	20.0	15.5	7.75	0	1	1	1	1	1.1129393069
524	4	31.1833333333	52.93533586	71.7833333333	1.0	0	0	35.0	15.5	7.75	0	1	1	1	1	1.1129393069
525	4	31.1833333333	52.93533586	71.7833333333	1.0	0	1	30.0	15.5	7.75	0	1	1	1	1	1.1129393069
526	4	28.6845588167	48.72482496	69.8333333333	0.0	0	0	60.0	13.52397059	7.75	0	1	1	1	1	0.995772667383
527	4	24.25	52.04316727	82.9	0.0	0	1	25.0	14.085	7.75	0	1	1	1	1	0.755211718159
528	4	25.0066666667	45.24225847	48.1833333333	0.0	0	0	30.0	12.92682759	7.75	0	1	1	1	1	1.61767259327
529	4	28.16401515	43.62150139	68.2166666667	1.0	1	0	45.0	11.21477273	7.75	0	1	1	1	1	0.895608655898
530	4	28.16401515	43.62150139	68.2166666667	0.0	0	1	45.0	11.21477273	7.75	0	1	1	1	1	0.895608655898
531	4	51.0	100.6128249	127.95	0.0	0	0	60.0	29.67	7.75	0	1	1	1	1	1.20679434568
532	4	37.1980979333	54.92187102	51.0833333333	1.0	0	0	30.0	15.01768362	7.75	0	1	1	1	1	3.39726836896
533	4	31.6650828	53.96259508	64.2166666667	0.0	1	0	120.0	14.87803456	7.75	0	1	1	1	1	1.41967270377
534	4	14.4387096767	33.72320494	42.6666666667	0.0	0	0	15.0	7.478709677	7.75	0	1	1	1	1	0.920123441778
535	4	14.4387096767	33.72320494	42.6666666667	1.0	0	0	60.0	7.478709677	7.75	0	1	1	1	1	0.920123441778
536	4	14.4387096767	33.72320494	42.6666666667	1.0	0	0	38.7	7.478709677	7.75	0	1	1	1	1	0.920123441778
537	4	20.6051282	50.6312533	51.6833333333	0.0	0	1	25.0	9.01	7.75	0	1	1	1	1	1.37978538709
538	4	20.6051282	50.6312533	51.6833333333	0.0	0	1	20.0	9.01	7.75	0	1	1	1	1	1.37978538709
539	4	29.5166666667	52.73707617	76.7833333333	0.0	0	1	60.0	15.29666667	7.75	0	1	1	1	1	0.951771710226
540	4	29.5166666667	52.73707617	76.7833333333	0.0	0	0	25.0	15.29666667	7.75	0	1	1	1	1	0.951771710226
541	4	40.0	69.22236897	97.2333333333	1.0	0	0	15.0	18.29833333	7.75	0	1	1	1	1	1.07406585271
542	4	40.0	69.22236897	97.2333333333	0.0	0	0	20.0	18.29833333	7.75	0	1	1	1	1	1.07406585271
543	4	17.8922155667	45.01886226	43.8833333333	1.0	0	1	10.0	6.209520958	7.75	0	1	1	1	1	1.43390763701
544	4	30.5027777833	56.74456527	52.3833333333	0.0	0	0	20.0	10.03833333	7.75	0	1	1	1	1	2.2391828744
545	4	30.5027777833	56.74456527	52.3833333333	0.0	0	0	38.7	10.03833333	7.75	0	1	1	1	1	2.2391828744
546	4	18.2989006167	44.50074113	40.5666666667	0.0	1	1	6.0	8.585065963	7.75	0	1	1	1	1	1.6504009
547	4	27.4652777833	42.82409193	71.7166666667	1.0	0	0	20.0	11.45416667	7.75	0	1	1	1	1	0.792609968073
548	4	27.4652777833	42.82409193	71.7166666667	1.0	1	1	45.0	11.45416667	7.75	0	1	1	1	1	0.792609968073
549	4	27.6166666667	61.73806586	98.6833333333	0.0	0	1	30.0	18.626	7.75	0	1	1	1	1	0.759681977392
550	4	42.6054248833	68.48165068	76.6	0.0	0	1	50.0	19.42731972	7.75	0	1	1	1	1	1.78651006731
551	4	42.6054248833	68.48165068	76.6	1.0	0	0	79.2	19.42731972	7.75	0	1	1	1	1	1.78651006731
552	4	12.8708333333	23.64246742	61.1833333333	0.0	1	0	10.0	6.16	7.75	0	1	1	1	1	0.328951460181
553	4	12.8708333333	23.64246742	61.1833333333	0.0	0	1	25.0	6.16	7.75	0	1	1	1	1	0.328951460181
554	4	12.8708333333	23.64246742	61.1833333333	1.0	0	0	38.7	6.16	7.75	0	1	1	1	1	0.328951460181
555	4	12.8708333333	23.64246742	61.1833333333	1.0	0	1	38.7	6.16	7.75	0	1	1	1	1	0.328951460181
556	4	26.10185185	49.48759994	73.55	0.0	0	0	60.0	14.01	7.75	0	1	1	1	1	0.879646552444
557	4	26.10185185	49.48759994	73.55	0.0	0	1	40.0	14.01	7.75	0	1	1	1	1	0.879646552444
558	4	37.34444445	71.13954012	88.0	1.0	0	0	60.0	17.86	7.75	0	1	1	1	1	1.25138377088
559	4	30.5	70.57648261	90.55	0.0	0	1	65.0	19.125	7.75	0	1	1	1	1	1.04623618002
560	4	30.5	70.57648261	90.55	0.0	0	1	30.0	19.125	7.75	0	1	1	1	1	1.04623618002
561	4	65.85555555	57.62616	89.7333333333	0.0	0	1	30.0	23.07	7.75	0	1	1	1	1	2.08881079523
562	4	65.85555555	57.62616	89.7333333333	1.0	0	0	25.0	23.07	7.75	0	1	1	1	1	2.08881079523
563	4	22.6690476167	42.85213151	93.1166666667	0.0	0	0	20.0	12.19928571	7.75	0	1	1	1	1	0.498272787404
564	4	22.6690476167	42.85213151	93.1166666667	0.0	0	1	30.0	12.19928571	7.75	0	1	1	1	1	0.498272787404
565	4	22.6690476167	42.85213151	93.1166666667	0.0	0	0	38.7	12.19928571	7.75	0	1	1	1	1	0.498272787404
566	4	22.6690476167	42.85213151	93.1166666667	0.0	0	1	38.7	12.19928571	7.75	0	1	1	1	1	0.498272787404
567	4	29.4666116667	65.48658724	75.3666666667	0.0	0	0	30.0	13.1650165	7.75	0	1	1	1	1	1.25787621039
568	4	16.385714285	25.7734758	999.99	0.0	0	0	20.0	6.51	7.75	0	1	1	1	1	2.62
569	4	16.385714285	25.7734758	999.99	1.0	0	0	25.0	6.51	7.75	0	1	1	1	1	2.62
570	4	34.4916666667	55.31445207	95.3833333333	0.0	0	0	40.0	16.12333333	7.75	0	1	1	1	1	0.781132372848
571	4	26.0	43.41887098	80.2	0.0	0	0	25.0	12.33	7.75	0	1	1	1	1	0.658097250554
572	4	26.0	43.41887098	80.2	0.0	0	0	34.0	12.33	7.75	0	1	1	1	1	0.658097250554
573	4	26.4563909833	49.78716585	63.6	0.0	1	0	40.0	14.40481203	7.75	0	1	1	1	1	1.13174694013
574	4	26.4563909833	49.78716585	63.6	1.0	0	1	45.0	14.40481203	7.75	0	1	1	1	1	1.13174694013
575	4	10.9044600933	38.45657069	38.9666666667	1.0	0	1	15.0	5.882112676	7.75	0	1	1	1	1	1.09423222332
576	4	9.25972222167	43.15320301	61.5666666667	0.0	1	0	15.0	5.820833333	7.75	0	1	1	1	1	0.67683561687
577	4	42.6083333333	60.07268451	78.95	0.0	1	0	38.7	17.7	7.75	0	1	1	1	1	1.43974366916
578	4	34.0837121167	68.67481177	83.1166666667	1.0	1	0	79.2	18.62818182	7.75	0	1	1	1	1	1.24252785355
579	4	48.2035508667	67.36556618	60.45	1.0	0	0	60.0	17.42575816	7.75	0	1	1	1	1	4.86798789845
580	4	39.0466666667	67.16177109	58.8666666667	0.0	0	0	60.0	17.01542857	7.75	0	1	1	1	1	2.99756665439
581	4	48.3222222167	66.48043753	106.833333333	0.0	0	1	30.0	17.66333333	7.75	0	1	1	1	1	1.0037484575
582	4	31.4354166667	66.58650646	81.5666666667	1.0	0	1	30.0	17.15791667	7.75	0	1	1	1	1	1.17364929979
583	2	47.87902275	66.69592392	60.0	0.0	0	0	60.0	17.90852555	7.75	0	1	1	1	0	4.86313295572
584	2	35.0562903167	68.52328677	90.0	0.0	0	1	90.0	18.58254072	7.75	0	1	1	1	0	1.10610090073
585	2	35.0562903167	68.52328677	45.0	0.0	0	0	45.0	18.58254072	7.75	0	1	1	1	0	6.11173180889
586	2	47.49112175	67.82537809	70.0	1.0	0	0	70.0	18.0158923	7.75	0	1	1	1	0	2.66896366059
587	2	47.49112175	67.82537809	45.0	0.0	0	1	45.0	18.0158923	7.75	0	1	1	1	0	-24.115793654
588	2	47.1661189	63.96542118	350.0	1.0	0	0	350.0	19.71915066	7.75	0	1	1	1	0	0.185631214631
589	2	35.3366666667	61.66907149	80.0	1.0	0	1	80.0	15.81127273	7.75	0	1	1	1	0	1.20723348362
590	2	45.33499255	63.90547715	55.0	1.0	0	1	55.0	17.89190681	7.75	0	1	1	1	0	5.81018456949
591	2	45.33499255	63.90547715	79.2	0.0	0	1	79.2	17.89190681	7.75	0	1	1	1	0	1.65821540813
592	2	45.33499255	63.90547715	45.0	0.0	1	0	45.0	17.89190681	7.75	0	1	1	1	0	-167.632017936
593	2	40.9683836667	66.60847718	30.0	0.0	1	0	30.0	17.10824757	7.75	0	1	1	1	0	-5.36619423324
594	2	40.9683836667	66.60847718	38.7	0.0	1	1	38.7	17.10824757	7.75	0	1	1	1	0	-25.9473201315
595	2	37.9071900833	68.39660218	60.0	1.0	0	0	60.0	16.37643817	7.75	0	1	1	1	0	2.74508323788
596	2	37.9071900833	68.39660218	80.0	0.0	1	0	80.0	16.37643817	7.75	0	1	1	1	0	1.44078293419
597	2	37.9071900833	68.39660218	38.7	0.0	0	1	38.7	16.37643817	7.75	0	1	1	1	0	76.4957663938
598	2	37.6085556333	60.25857119	38.7	1.0	0	1	38.7	17.38564167	7.75	0	1	1	1	0	48.1092511846
599	2	33.8378619667	68.44091579	80.0	1.0	0	1	80.0	18.16930985	7.75	0	1	1	1	0	1.3147336405
600	2	46.9126850167	68.04205471	60.0	1.0	0	1	60.0	17.6506841	7.75	0	1	1	1	0	4.60690789415
601	2	38.7035714333	68.93829116	100.0	0.0	0	0	100.0	20.70642857	7.75	0	1	1	1	0	0.998235828592
602	2	29.3475862	68.65013682	80.0	0.0	0	0	80.0	16.30275862	7.75	0	1	1	1	0	1.20231460361
603	2	28.7714285667	44.53693126	35.0	1.0	0	1	35.0	11.9069338	7.75	0	1	1	1	0	5.90615868402
604	2	46.3806163833	68.28061554	79.2	0.0	1	0	79.2	17.238983	7.75	0	1	1	1	0	1.84435564808
605	2	46.3806163833	68.28061554	90.0	1.0	0	0	90.0	17.238983	7.75	0	1	1	1	0	1.38769992882
606	2	45.6354267667	64.62069762	90.0	1.0	1	0	90.0	19.81752423	7.75	0	1	1	1	0	1.28189439175
607	2	23.0123655833	37.59233862	25.0	1.0	1	1	25.0	10.24322581	7.75	0	1	1	1	0	15.01399773
608	2	49.6781623333	66.30087139	70.0	1.0	0	0	70.0	18.8675127	7.75	0	1	1	1	0	2.88117995776
609	2	39.741443	67.64752939	70.0	0.0	0	0	70.0	18.99695869	7.75	0	1	1	1	0	1.9795236564
610	2	39.741443	67.64752939	90.0	0.0	0	0	90.0	18.99695869	7.75	0	1	1	1	0	1.19178768682
611	2	39.741443	67.64752939	70.0	0.0	1	1	70.0	18.99695869	7.75	0	1	1	1	0	1.9795236564
612	2	36.833021	68.28222352	120.0	0.0	0	0	120.0	18.85839015	7.75	0	1	1	1	0	0.727839633564
613	2	36.833021	68.28222352	5.0	0.0	0	0	5.0	18.85839015	7.75	0	1	1	1	0	-1.90155447452
614	2	25.5583333333	52.88347112	30.0	0.0	0	0	30.0	11.64636	7.75	0	1	1	1	0	10.1613818657
615	2	39.6539215667	68.62897643	60.0	0.0	0	0	60.0	18.96198257	7.75	0	1	1	1	0	2.9921725029
616	2	32.8931184833	60.0011298	30.0	1.0	0	0	30.0	15.21274219	7.75	0	1	1	1	0	-18.0604873603
617	2	34.8809834	55.11776935	30.0	1.0	0	1	30.0	15.35383142	7.75	0	1	1	1	0	-9.70455448588
618	2	41.9825579333	68.26557765	75.0	0.0	0	1	75.0	17.02806239	7.75	0	1	1	1	0	1.83283664215
619	2	41.9825579333	68.26557765	60.0	0.0	0	0	60.0	17.02806239	7.75	0	1	1	1	0	3.35872192213
620	2	41.4445101167	66.09756196	70.0	0.0	0	0	70.0	18.17986865	7.75	0	1	1	1	0	2.04330453438
621	2	41.4445101167	66.09756196	75.0	0.0	0	1	75.0	18.17986865	7.75	0	1	1	1	0	1.73883803106
622	2	37.15	68.0876627	40.0	1.0	0	1	40.0	16.68166667	7.75	0	1	1	1	0	21.1711097193
623	2	48.2035508667	67.36556618	90.0	0.0	0	1	90.0	17.42575816	7.75	0	1	1	1	0	1.42633088255
624	3	47.87902275	66.69592392	58.0833333333	1.0	0	0	80.0	17.90852555	7.75	0	1	1	1	0	5.77657093428
625	3	47.87902275	66.69592392	58.0833333333	1.0	0	0	90.0	17.90852555	7.75	0	1	1	1	0	5.77657093428
626	3	33.2	68.79214545	96.25	0.0	0	1	100.0	20.895	7.75	0	1	1	1	0	0.96815456701
627	3	37.9071900833	68.39660218	66.8333333333	1.0	0	0	60.0	16.37643817	7.75	0	1	1	1	0	2.09660173691
628	3	33.8378619667	68.44091579	73.0833333333	1.0	1	1	45.0	18.16930985	7.75	0	1	1	1	0	1.54644379788
629	3	25.85555555	40.04845634	67.3166666667	0.0	0	1	45.0	10.47	7.75	0	1	1	1	0	0.779006048562
630	3	29.6166666667	42.22931287	68.5	1.0	0	0	38.7	12.0	7.75	0	1	1	1	0	0.886737579168
631	3	47.87902275	66.69592392	58.0833333333	1.0	0	0	30.0	17.90852555	7.75	0	1	1	1	0	5.77657093428
632	3	45.2344690667	68.21929938	75.1166666667	1.0	1	0	45.0	20.21723229	7.75	0	1	1	1	0	2.02358943574
633	3	42.8038599667	66.83415588	70.3833333333	1.0	0	1	30.0	17.52427221	7.75	0	1	1	1	0	2.14232357139
634	3	46.3806163833	68.28061554	50.0166666667	0.0	0	0	60.0	17.238983	7.75	0	1	1	1	0	16.6473538107
635	3	28.25	68.79214545	100.616666667	0.0	1	0	60.0	17.515	7.75	0	1	1	1	0	0.843511913174
636	3	42.6054248833	68.48165068	76.6	1.0	0	0	45.0	19.42731972	7.75	0	1	1	1	0	1.78651006731
637	3	47.87902275	66.69592392	58.0833333333	1.0	0	0	79.2	17.90852555	7.75	0	1	1	1	0	5.77657093428
638	3	36.4541666667	69.68431403	97.6666666667	0.0	0	1	30.0	17.7475	7.75	0	1	1	1	0	1.01179193841
639	3	33.2	68.79214545	96.25	0.0	0	1	60.0	20.895	7.75	0	1	1	1	0	0.96815456701
640	3	45.2344690667	68.21929938	75.1166666667	0.0	0	0	40.0	20.21723229	7.75	0	1	1	1	0	2.02358943574
641	3	40.9683836667	66.60847718	53.6833333333	0.0	0	0	38.7	17.10824757	7.75	0	1	1	1	0	4.62907669499
642	3	37.9071900833	68.39660218	66.8333333333	0.0	1	0	40.0	16.37643817	7.75	0	1	1	1	0	2.09660173691
643	3	37.9071900833	68.39660218	66.8333333333	0.0	0	1	79.2	16.37643817	7.75	0	1	1	1	0	2.09660173691
644	3	37.9071900833	68.39660218	66.8333333333	0.0	0	1	38.7	16.37643817	7.75	0	1	1	1	0	2.09660173691
645	3	37.9071900833	68.39660218	66.8333333333	1.0	0	1	38.7	16.37643817	7.75	0	1	1	1	0	2.09660173691
646	3	37.6085556333	60.25857119	55.1333333333	1.0	0	1	38.7	17.38564167	7.75	0	1	1	1	0	2.99624748963
647	3	37.2806983667	68.68188962	77.3833333333	1.0	0	1	45.0	18.23428021	7.75	0	1	1	1	0	1.51939865474
648	3	46.3806163833	68.28061554	50.0166666667	1.0	1	0	38.7	17.238983	7.75	0	1	1	1	0	16.6473538107
649	3	38.8239700333	64.11250404	77.0833333333	0.0	0	0	35.0	18.01786517	7.75	0	1	1	1	0	1.47316889719
650	3	47.2605788833	63.6171793	72.1833333333	1.0	0	0	38.7	18.6724157	7.75	0	1	1	1	0	2.24161335827
651	3	25.85555555	40.04845634	67.3166666667	0.0	0	1	38.7	10.47	7.75	0	1	1	1	0	0.779006048562
652	3	25.85555555	40.04845634	67.3166666667	0.0	0	1	38.7	10.47	7.75	0	1	1	1	0	0.779006048562
653	3	36.833021	68.28222352	69.7666666667	0.0	0	1	38.7	18.85839015	7.75	0	1	1	1	0	1.83800555009
654	3	42.8333333333	68.24247048	67.8833333333	0.0	0	1	30.0	19.4025	7.75	0	1	1	1	0	2.41486908104
655	3	42.8333333333	68.24247048	67.8833333333	0.0	0	1	40.0	19.4025	7.75	0	1	1	1	0	2.41486908104
656	3	17.1084967333	29.05064175	38.3166666667	1.0	1	1	25.0	7.331764706	7.75	0	1	1	1	0	1.00436019784
657	3	19.2156862667	39.23197631	42.4333333333	0.0	0	1	38.7	8.729411765	7.75	0	1	1	1	0	1.35595033466
658	3	19.2156862667	39.23197631	42.4333333333	0.0	0	1	38.7	8.729411765	7.75	0	1	1	1	0	1.35595033466
659	3	19.2156862667	39.23197631	42.4333333333	1.0	1	1	38.7	8.729411765	7.75	0	1	1	1	0	1.35595033466
660	3	34.8809834	55.11776935	70.4166666667	0.0	0	1	40.0	15.35383142	7.75	0	1	1	1	0	1.33296351711
661	3	38.7351851833	72.82606917	70.8166666667	0.0	1	1	40.0	21.43222222	7.75	0	1	1	1	0	2.02846209592
662	3	28.16401515	43.62150139	68.2166666667	1.0	0	1	38.7	11.21477273	7.75	0	1	1	1	0	0.895608655898
663	3	14.4387096767	33.72320494	42.6666666667	0.0	0	1	20.0	7.478709677	7.75	0	1	1	1	0	0.920123441778
664	3	14.4387096767	33.72320494	42.6666666667	0.0	0	0	40.0	7.478709677	7.75	0	1	1	1	0	0.920123441778
665	3	14.4387096767	33.72320494	42.6666666667	0.0	0	0	40.0	7.478709677	7.75	0	1	1	1	0	0.920123441778
666	3	40.0	69.22236897	97.2333333333	0.0	0	1	25.0	18.29833333	7.75	0	1	1	1	0	1.07406585271
667	3	17.8922155667	45.01886226	43.8833333333	1.0	0	1	38.7	6.209520958	7.75	0	1	1	1	0	1.43390763701
668	3	12.8708333333	23.64246742	61.1833333333	0.0	0	1	10.0	6.16	7.75	0	1	1	1	0	0.328951460181
669	3	12.8708333333	23.64246742	61.1833333333	0.0	0	0	20.0	6.16	7.75	0	1	1	1	0	0.328951460181
670	3	26.10185185	49.48759994	73.55	0.0	0	0	38.7	14.01	7.75	0	1	1	1	0	0.879646552444
671	3	26.10185185	49.48759994	73.55	1.0	0	1	38.7	14.01	7.75	0	1	1	1	0	0.879646552444
672	3	41.4445101167	66.09756196	56.4166666667	0.0	1	0	38.7	18.17986865	7.75	0	1	1	1	0	3.89707132471
673	3	22.6690476167	42.85213151	93.1166666667	0.0	0	1	38.7	12.19928571	7.75	0	1	1	1	0	0.498272787404
674	3	34.4916666667	55.31445207	95.3833333333	0.0	0	0	60.0	16.12333333	7.75	0	1	1	1	0	0.781132372848
675	2	47.87902275	66.69592392	65.0	1.0	0	0	65.0	17.90852555	7.75	0	1	1	1	0	3.44290650348
676	2	16.1523809517	27.70877356	38.7	1.0	0	0	38.7	6.908571429	7.75	0	1	1	1	0	0.885183199043
677	2	23.0123655833	37.59233862	22.0	0.0	0	1	22.0	10.24322581	7.75	0	1	1	1	0	-29.4778280804
678	2	20.3724637667	54.88827995	30.0	0.0	0	0	30.0	8.705217391	7.75	0	1	1	1	0	4.89619346088
679	2	22.1833333333	68.79214545	240.0	1.0	0	1	240.0	17.0	7.75	0	1	1	1	0	0.280245521999
680	2	28.16401515	43.62150139	79.2	1.0	0	0	79.2	11.21477273	7.75	0	1	1	1	0	0.702866839847
681	2	14.4387096767	33.72320494	38.7	1.0	0	1	38.7	7.478709677	7.75	0	1	1	1	0	1.0705615651
682	2	29.5166666667	52.73707617	45.0	0.0	0	0	45.0	15.29666667	7.75	0	1	1	1	0	2.90551622196
683	2	12.8708333333	23.64246742	50.0	1.0	0	1	50.0	6.16	7.75	0	1	1	1	0	0.428031891011
684	2	12.8708333333	23.64246742	30.0	0.0	1	1	30.0	6.16	7.75	0	1	1	1	0	0.927801552128
685	2	13.9722222217	30.76301617	38.7	1.0	0	0	38.7	6.805263158	7.75	0	1	1	1	0	0.930654439566
686	2	47.87902275	66.69592392	180.0	1.0	0	0	180.0	17.90852555	7.75	0	1	1	1	0	0.446151134717
687	2	47.49112175	67.82537809	38.7	0.0	0	0	38.7	18.0158923	7.75	0	1	1	1	0	-6.8336419172
688	2	45.2344690667	68.21929938	60.0	0.0	1	0	60.0	20.21723229	7.75	0	1	1	1	0	4.09530139167
689	2	43.8253634833	63.99179805	30.0	0.0	0	0	30.0	19.2266559	7.75	0	1	1	1	0	-4.06801586937
690	2	46.9126850167	68.04205471	60.0	0.0	1	0	60.0	17.6506841	7.75	0	1	1	1	0	4.60690789415
691	2	29.3475862	68.65013682	79.2	1.0	0	0	79.2	16.30275862	7.75	0	1	1	1	0	1.22160858779
692	2	28.7714285667	44.53693126	38.7	1.0	0	0	38.7	11.9069338	7.75	0	1	1	1	0	3.7051585424
693	2	46.3806163833	68.28061554	30.0	0.0	0	0	30.0	17.238983	7.75	0	1	1	1	0	-3.69525872064
694	2	46.3806163833	68.28061554	40.0	1.0	0	1	40.0	17.238983	7.75	0	1	1	1	0	-9.48664077316
695	2	46.3806163833	68.28061554	38.7	0.0	1	0	38.7	17.238983	7.75	0	1	1	1	0	-7.88095805323
696	2	46.3806163833	68.28061554	60.0	1.0	0	1	60.0	17.238983	7.75	0	1	1	1	0	4.44444603689
697	2	46.3806163833	68.28061554	60.0	1.0	0	0	60.0	17.238983	7.75	0	1	1	1	0	4.44444603689
698	2	33.5847517667	52.9011677	60.0	0.0	0	0	60.0	14.60340426	7.75	0	1	1	1	0	1.70928424754
699	2	39.7790153833	63.26119903	115.0	1.0	0	0	115.0	17.40059967	7.75	0	1	1	1	0	0.737974905711
700	2	36.833021	68.28222352	60.0	1.0	0	0	60.0	18.85839015	7.75	0	1	1	1	0	2.61286650797
701	2	44.9954813333	68.31946108	30.0	1.0	1	0	30.0	17.13209119	7.75	0	1	1	1	0	-4.03918085279
702	2	44.9954813333	68.31946108	40.0	0.0	1	0	40.0	17.13209119	7.75	0	1	1	1	0	-12.124849847
703	2	32.8931184833	60.0011298	70.0	1.0	0	1	70.0	15.21274219	7.75	0	1	1	1	0	1.40812506102
704	2	34.8809834	55.11776935	65.0	1.0	0	0	65.0	15.35383142	7.75	0	1	1	1	0	1.57268645185
705	2	41.9825579333	68.26557765	45.0	1.0	0	0	45.0	17.02806239	7.75	0	1	1	1	0	20.0552575039
706	2	14.4387096767	33.72320494	79.2	0.0	0	0	79.2	7.478709677	7.75	0	1	1	1	0	0.40106064611
707	2	16.385714285	25.7734758	38.7	1.0	1	0	38.7	6.51	7.75	0	1	1	1	0	0.807710183073
708	2	26.0	43.41887098	40.0	1.0	0	0	40.0	12.33	7.75	0	1	1	1	0	2.54777649857
709	2	52.9083333333	67.20705927	112.1	1.0	1	1	112.1	18.5875	7.75	0	1	1	1	0	1.0044836143
710	3	9.9796875	44.23811717	31.4666666667	0.0	0	1	15.0	4.713072917	7.75	0	1	1	1	0	1.6981501628
711	3	16.1523809517	27.70877356	38.6166666667	0.0	0	1	14.0	6.908571429	7.75	0	1	1	1	0	0.888466867508
712	3	37.2806983667	68.68188962	77.3833333333	1.0	0	0	60.0	18.23428021	7.75	0	1	1	1	0	1.51939865474
713	3	23.0123655833	37.59233862	50.5333333333	1.0	1	1	33.0	10.24322581	7.75	0	1	1	1	0	1.084349173
714	3	32.7888888833	77.91209095	93.5833333333	0.0	0	0	30.0	22.23	7.75	0	1	1	1	0	1.15408721282
715	3	32.7888888833	77.91209095	93.5833333333	1.0	0	0	60.0	22.23	7.75	0	1	1	1	0	1.15408721282
716	3	36.4541666667	69.68431403	97.6666666667	0.0	0	1	30.0	17.7475	7.75	0	1	1	1	0	1.01179193841
717	2	36.4541666667	69.68431403	60.0	0.0	0	0	60.0	17.7475	7.75	0	1	1	1	0	2.63037256542
718	2	28.25	68.79214545	65.0	0.0	1	0	65.0	17.515	7.75	0	1	1	1	0	1.66101076054
719	2	35.0562903167	68.52328677	120.0	0.0	0	1	120.0	18.58254072	7.75	0	1	1	1	0	0.715453645674
720	2	47.49112175	67.82537809	79.2	0.0	1	0	79.2	18.0158923	7.75	0	1	1	1	0	1.89459171707
721	2	47.49112175	67.82537809	45.0	1.0	1	0	45.0	18.0158923	7.75	0	1	1	1	0	-24.115793654
722	2	47.1661189	63.96542118	38.7	0.0	1	1	38.7	19.71915066	7.75	0	1	1	1	0	-6.64004626488
723	2	33.2	68.79214545	1.0	0.0	0	0	1.0	20.895	7.75	0	1	1	1	0	-1.8957188028
724	2	45.33499255	63.90547715	38.7	1.0	0	1	38.7	17.89190681	7.75	0	1	1	1	0	-8.46353281135
725	2	37.9071900833	68.39660218	60.0	1.0	0	0	60.0	16.37643817	7.75	0	1	1	1	0	2.74508323788
726	2	37.6085556333	60.25857119	90.0	1.0	0	1	90.0	17.38564167	7.75	0	1	1	1	0	1.00223560974
727	2	42.8038599667	66.83415588	45.0	0.0	0	0	45.0	17.52427221	7.75	0	1	1	1	0	26.9036377386
728	2	42.8038599667	66.83415588	80.0	1.0	0	1	80.0	17.52427221	7.75	0	1	1	1	0	1.58844858168
729	2	42.8038599667	66.83415588	79.2	0.0	0	1	79.2	17.52427221	7.75	0	1	1	1	0	1.62336324198
730	2	29.5083333333	65.62197309	120.0	0.0	0	1	120.0	20.68	7.75	0	1	1	1	0	0.639528204328
731	2	33.8378619667	68.44091579	79.2	1.0	0	0	79.2	18.16930985	7.75	0	1	1	1	0	1.33792008978
732	2	38.7035714333	68.93829116	90.0	0.0	1	0	90.0	20.70642857	7.75	0	1	1	1	0	1.19283725729
733	2	39.87602955	68.49460435	80.0	0.0	0	0	80.0	18.31506925	7.75	0	1	1	1	0	1.51392306566
734	2	28.7714285667	44.53693126	60.0	0.0	0	1	60.0	11.9069338	7.75	0	1	1	1	0	1.17798956441
735	2	33.0192214167	52.32345148	70.0	1.0	0	1	70.0	14.35310219	7.75	0	1	1	1	0	1.20531403576
736	2	46.3806163833	68.28061554	180.0	0.0	1	0	180.0	17.238983	7.75	0	1	1	1	0	0.453007744098
737	2	46.3806163833	68.28061554	60.0	1.0	0	1	60.0	17.238983	7.75	0	1	1	1	0	4.44444603689
738	2	46.3806163833	68.28061554	60.0	1.0	1	1	60.0	17.238983	7.75	0	1	1	1	0	4.44444603689
739	2	46.3806163833	68.28061554	38.7	1.0	0	0	38.7	17.238983	7.75	0	1	1	1	0	-7.88095805323
740	2	46.3806163833	68.28061554	90.0	1.0	0	1	90.0	17.238983	7.75	0	1	1	1	0	1.38769992882
741	2	38.8239700333	64.11250404	90.0	0.0	0	1	90.0	18.01786517	7.75	0	1	1	1	0	1.10134576826
742	2	45.6354267667	64.62069762	75.0	0.0	0	0	75.0	19.81752423	7.75	0	1	1	1	0	1.93671119168
743	2	39.7790153833	63.26119903	100.0	1.0	0	0	100.0	17.40059967	7.75	0	1	1	1	0	0.921791621033
744	2	40.1282754333	65.82688167	90.0	1.0	0	1	90.0	17.60878025	7.75	0	1	1	1	0	1.16452523298
745	2	39.6539215667	68.62897643	120.0	1.0	0	1	120.0	18.96198257	7.75	0	1	1	1	0	0.757709369481
746	2	37.7371631167	56.59656793	75.0	1.0	0	1	75.0	15.87734043	7.75	0	1	1	1	0	1.31086551684
747	2	34.8809834	55.11776935	75.0	0.0	0	0	75.0	15.35383142	7.75	0	1	1	1	0	1.18068121715
748	2	13.8819779117	48.47012168	15.0	0.0	0	1	15.0	6.674939759	7.75	0	1	1	1	0	36.4215717247
749	2	38.7351851833	72.82606917	120.0	0.0	0	0	120.0	21.43222222	7.75	0	1	1	1	0	0.800790222888
750	2	17.0466666667	51.06772963	100.0	0.0	0	0	100.0	6.828	7.75	0	1	1	1	0	0.522193960018
751	2	41.9825579333	68.26557765	60.0	1.0	0	1	60.0	17.02806239	7.75	0	1	1	1	0	3.35872192213
752	2	41.9825579333	68.26557765	115.0	0.0	0	0	115.0	17.02806239	7.75	0	1	1	1	0	0.828782492747
753	2	37.1980979333	54.92187102	90.0	1.0	0	1	90.0	15.01768362	7.75	0	1	1	1	0	0.893374465193
754	2	42.6054248833	68.48165068	90.0	1.0	0	0	90.0	19.42731972	7.75	0	1	1	1	0	1.28140510872
755	2	42.6054248833	68.48165068	79.2	1.0	0	1	79.2	19.42731972	7.75	0	1	1	1	0	1.65958070251
756	2	42.6054248833	68.48165068	79.2	1.0	0	1	79.2	19.42731972	7.75	0	1	1	1	0	1.65958070251
757	2	42.6054248833	68.48165068	50.0	1.0	0	1	50.0	19.42731972	7.75	0	1	1	1	0	8.21300070955
758	2	27.5	49.26554909	45.0	1.0	1	0	45.0	13.925	7.75	0	1	1	1	0	2.37231709086
759	3	47.49112175	67.82537809	60.8333333333	0.0	1	0	30.0	18.0158923	7.75	0	1	1	1	0	4.50265517937
760	3	47.49112175	67.82537809	60.8333333333	0.0	0	0	120.0	18.0158923	7.75	0	1	1	1	0	4.50265517937
761	3	40.1878643167	68.17891774	62.2333333333	0.0	1	0	80.0	16.79939338	7.75	0	1	1	1	0	2.74110374764
762	3	26.3727565167	42.94517164	65.5333333333	1.0	0	0	30.0	12.33195248	7.75	0	1	1	1	0	0.898739868025
763	3	45.2344690667	68.21929938	75.1166666667	1.0	0	0	60.0	20.21723229	7.75	0	1	1	1	0	2.02358943574
764	3	33.8378619667	68.44091579	73.0833333333	0.0	1	0	38.7	18.16930985	7.75	0	1	1	1	0	1.54644379788
765	3	46.9126850167	68.04205471	65.05	1.0	0	0	60.0	17.6506841	7.75	0	1	1	1	0	3.32419957229
766	3	29.3475862	68.65013682	96.0	1.0	0	0	38.7	16.30275862	7.75	0	1	1	1	0	0.913697394407
767	3	28.7714285667	44.53693126	43.25	1.0	0	0	38.7	11.9069338	7.75	0	1	1	1	0	2.54078459532
768	3	37.2806983667	68.68188962	77.3833333333	1.0	0	0	79.2	18.23428021	7.75	0	1	1	1	0	1.51939865474
769	3	46.3806163833	68.28061554	50.0166666667	1.0	1	0	45.0	17.238983	7.75	0	1	1	1	0	16.6473538107
770	3	38.8239700333	64.11250404	77.0833333333	1.0	1	0	38.7	18.01786517	7.75	0	1	1	1	0	1.47316889719
771	3	32.3890625	68.12933854	83.8333333333	1.0	1	0	79.2	18.3921875	7.75	0	1	1	1	0	1.17368440765
772	3	37.1980979333	54.92187102	51.0833333333	1.0	0	0	38.7	15.01768362	7.75	0	1	1	1	0	3.39726836896
773	3	47.49112175	67.82537809	60.8333333333	1.0	0	1	60.0	18.0158923	7.75	0	1	1	1	0	4.50265517937
774	3	29.5083333333	65.62197309	92.75	1.0	0	0	60.0	20.68	7.75	0	1	1	1	0	0.915092472104
775	3	29.5083333333	65.62197309	92.75	1.0	0	0	90.0	20.68	7.75	0	1	1	1	0	0.915092472104
776	3	33.8378619667	68.44091579	73.0833333333	0.0	0	0	50.0	18.16930985	7.75	0	1	1	1	0	1.54644379788
777	3	28.16401515	43.62150139	68.2166666667	1.0	0	0	40.0	11.21477273	7.75	0	1	1	1	0	0.895608655898
778	3	38.9045977	68.50849737	79.6333333333	1.0	0	1	75.0	20.21110345	7.75	0	1	1	1	0	1.49178452081
779	3	38.9045977	68.50849737	79.6333333333	1.0	0	0	35.0	20.21110345	7.75	0	1	1	1	0	1.49178452081
780	3	40.1878643167	68.17891774	62.2333333333	0.0	1	0	60.0	16.79939338	7.75	0	1	1	1	0	2.74110374764
781	4	40.1878643167	68.17891774	62.2333333333	0.0	0	1	60.0	16.79939338	7.75	0	1	1	1	1	2.74110374764
782	4	37.6085556333	60.25857119	55.1333333333	1.0	0	0	10.0	17.38564167	7.75	0	1	1	1	1	2.99624748963
783	4	46.9126850167	68.04205471	65.05	1.0	1	0	45.0	17.6506841	7.75	0	1	1	1	1	3.32419957229
784	4	25.5583333333	52.88347112	43.8666666667	1.0	0	0	20.0	11.64636	7.75	0	1	1	1	1	2.46518731652
785	4	7.91004902	14.63331409	51.4833333333	1.0	0	1	30.0	3.243088235	7.75	0	1	1	1	1	0.157970972316
786	4	7.91004902	14.63331409	51.4833333333	1.0	0	0	20.0	3.243088235	7.75	0	1	1	1	1	0.157970972316
787	4	37.34444445	71.13954012	88.0	1.0	0	0	90.0	17.86	7.75	0	1	1	1	1	1.25138377088
788	3	16.1523809517	27.70877356	38.6166666667	1.0	0	0	60.0	6.908571429	7.75	0	1	1	1	0	0.888466867508
789	3	45.2344690667	68.21929938	75.1166666667	1.0	0	1	90.0	20.21723229	7.75	0	1	1	1	0	2.02358943574
790	3	45.2344690667	68.21929938	75.1166666667	1.0	0	1	100.0	20.21723229	7.75	0	1	1	1	0	2.02358943574
791	3	37.9071900833	68.39660218	66.8333333333	1.0	0	0	60.0	16.37643817	7.75	0	1	1	1	0	2.09660173691
792	3	42.8038599667	66.83415588	70.3833333333	1.0	0	1	75.0	17.52427221	7.75	0	1	1	1	0	2.14232357139
793	3	39.87602955	68.49460435	74.75	0.0	0	0	90.0	18.31506925	7.75	0	1	1	1	0	1.74183219078
794	3	39.87602955	68.49460435	74.75	1.0	0	0	30.0	18.31506925	7.75	0	1	1	1	0	1.74183219078
795	3	46.3806163833	68.28061554	50.0166666667	1.0	0	0	90.0	17.238983	7.75	0	1	1	1	0	16.6473538107
796	3	46.3806163833	68.28061554	50.0166666667	1.0	0	0	60.0	17.238983	7.75	0	1	1	1	0	16.6473538107
797	3	46.3806163833	68.28061554	50.0166666667	1.0	0	1	60.0	17.238983	7.75	0	1	1	1	0	16.6473538107
798	3	42.6054248833	68.48165068	76.6	1.0	0	0	90.0	19.42731972	7.75	0	1	1	1	0	1.78651006731
799	3	26.3727565167	42.94517164	65.5333333333	1.0	0	0	40.0	12.33195248	7.75	0	1	1	1	0	0.898739868025
800	3	26.3727565167	42.94517164	65.5333333333	1.0	0	1	45.0	12.33195248	7.75	0	1	1	1	0	0.898739868025
801	3	26.3727565167	42.94517164	65.5333333333	1.0	0	0	30.0	12.33195248	7.75	0	1	1	1	0	0.898739868025
802	3	26.3727565167	42.94517164	65.5333333333	0.0	1	0	45.0	12.33195248	7.75	0	1	1	1	0	0.898739868025
803	3	26.3727565167	42.94517164	65.5333333333	1.0	0	0	25.0	12.33195248	7.75	0	1	1	1	0	0.898739868025
804	3	26.3727565167	42.94517164	65.5333333333	1.0	0	1	30.0	12.33195248	7.75	0	1	1	1	0	0.898739868025
805	4	26.3727565167	42.94517164	65.5333333333	1.0	1	1	60.0	12.33195248	7.75	0	1	1	1	1	0.898739868025
806	1	38.7	68.21929938	75.1166666667	1.0	1	1	38.7	20.21723229	7.75	0	1	1	1	0	1.6604841935
807	3	37.9071900833	68.39660218	66.8333333333	1.0	0	0	60.0	16.37643817	7.75	0	1	1	1	0	2.09660173691
808	3	42.8038599667	66.83415588	70.3833333333	0.0	0	0	90.0	17.52427221	7.75	0	1	1	1	0	2.14232357139
809	3	14.125	23.34507789	42.4	0.0	0	1	15.0	5.925	7.75	0	1	1	1	0	0.551550058002
810	3	46.9126850167	68.04205471	65.05	1.0	0	0	60.0	17.6506841	7.75	0	1	1	1	0	3.32419957229
811	3	39.87602955	68.49460435	74.75	0.0	0	1	50.0	18.31506925	7.75	0	1	1	1	0	1.74183219078
812	3	39.87602955	68.49460435	74.75	0.0	0	1	45.0	18.31506925	7.75	0	1	1	1	0	1.74183219078
813	3	39.87602955	68.49460435	74.75	0.0	0	1	50.0	18.31506925	7.75	0	1	1	1	0	1.74183219078
814	3	39.87602955	68.49460435	74.75	0.0	0	1	55.0	18.31506925	7.75	0	1	1	1	0	1.74183219078
815	3	38.81	72.99604381	99.7666666667	0.0	1	0	34.0	19.62	7.75	0	1	1	1	0	1.07036764603
816	3	29.3475862	68.65013682	96.0	1.0	0	0	38.7	16.30275862	7.75	0	1	1	1	0	0.913697394407
817	3	42.6054248833	68.48165068	76.6	0.0	0	1	38.7	19.42731972	7.75	0	1	1	1	0	1.78651006731
818	3	35.69301075	69.04770858	87.8833333333	1.0	0	0	38.7	21.5883871	7.75	0	1	1	1	0	1.17450334748
819	2	46.3806163833	68.28061554	15.0	1.0	1	0	15.0	17.238983	7.75	0	1	1	1	0	-1.9289173546
820	3	46.3806163833	68.28061554	50.0166666667	1.0	0	1	60.0	17.238983	7.75	0	1	1	1	0	16.6473538107
821	3	38.9045977	68.50849737	79.6333333333	1.0	1	1	30.0	20.21110345	7.75	0	1	1	1	0	1.49178452081
822	3	33.5847517667	52.9011677	66.5	0.0	0	1	30.0	14.60340426	7.75	0	1	1	1	0	1.37174015459
823	3	23.0123655833	37.59233862	50.5333333333	0.0	0	1	20.0	10.24322581	7.75	0	1	1	1	0	1.084349173
824	3	39.7790153833	63.26119903	72.5833333333	1.0	0	1	38.7	17.40059967	7.75	0	1	1	1	0	1.69219183629
825	3	22.6690476167	42.85213151	93.1166666667	1.0	0	0	50.0	12.19928571	7.75	0	1	1	1	0	0.498272787404
826	3	38.9045977	68.50849737	79.6333333333	1.0	1	0	45.0	20.21110345	7.75	0	1	1	1	0	1.49178452081
827	3	39.7790153833	63.26119903	72.5833333333	1.0	0	0	79.2	17.40059967	7.75	0	1	1	1	0	1.69219183629
828	3	17.1084967333	29.05064175	38.3166666667	1.0	0	1	30.0	7.331764706	7.75	0	1	1	1	0	1.00436019784
829	3	32.7888888833	77.91209095	93.5833333333	1.0	1	0	45.0	22.23	7.75	0	1	1	1	0	1.15408721282
830	3	36.6416666667	68.89495726	78.7	0.0	0	1	30.0	20.94357143	7.75	0	1	1	1	0	1.45381313081
831	3	25.5583333333	52.88347112	43.8666666667	0.0	0	1	40.0	11.64636	7.75	0	1	1	1	0	2.46518731652
832	3	40.1282754333	65.82688167	78.9	1.0	0	0	30.0	17.60878025	7.75	0	1	1	1	0	1.49791845266
833	3	42.6054248833	68.48165068	76.6	1.0	1	0	40.0	19.42731972	7.75	0	1	1	1	0	1.78651006731
834	3	26.5972222167	65.31665318	90.9833333333	1.0	1	0	38.7	16.27666667	7.75	0	1	1	1	0	0.894084953752
835	4	12.8708333333	23.64246742	61.1833333333	1.0	0	0	50.0	6.16	7.75	0	1	1	1	1	0.328951460181
836	4	22.6690476167	42.85213151	93.1166666667	1.0	0	0	45.0	12.19928571	7.75	0	1	1	1	1	0.498272787404
837	3	19.2888888833	36.28152233	59.1166666667	1.0	0	0	15.0	10.20166667	7.75	0	1	1	1	0	0.716372439487
