ID	CHOICE	TAXI_TT	TAXI_COST	TRANSIT_TT	VISITOR	BUSINESS	LOWINC	SELF_TT	TRANSIT_COST	FREE_COST	av1	av2	av3	av4
0	1	47.87902275	66.69592392	58.0833333333	1.0	0	0	60.0	7.75	0	1	1	1	0
1	1	47.87902275	66.69592392	58.0833333333	1.0	0	0	45.0	7.75	0	1	1	1	0
2	1	47.87902275	66.69592392	58.0833333333	1.0	0	0	25.0	7.75	0	1	1	1	0
3	1	47.87902275	66.69592392	58.0833333333	1.0	0	0	35.0	7.75	0	1	1	1	0
4	1	47.87902275	66.69592392	58.0833333333	1.0	0	1	60.0	7.75	0	1	1	1	0
5	1	47.87902275	66.69592392	58.0833333333	1.0	1	0	45.0	7.75	0	1	1	1	0
6	1	35.0562903167	68.52328677	72.2166666667	0.0	0	0	80.0	7.75	0	1	1	1	0
7	1	35.0562903167	68.52328677	72.2166666667	0.0	1	0	40.0	7.75	0	1	1	1	0
8	1	35.0562903167	68.52328677	72.2166666667	0.0	1	0	35.0	7.75	0	1	1	1	0
9	1	28.7190476167	46.05232605	64.05	0.0	0	0	20.0	7.75	0	1	1	1	0
10	1	47.49112175	67.82537809	60.8333333333	1.0	0	0	38.7	7.75	0	1	1	1	0
11	1	47.49112175	67.82537809	60.8333333333	1.0	1	0	60.0	7.75	0	1	1	1	0
12	1	40.1878643167	68.17891774	62.2333333333	0.0	1	0	30.0	7.75	0	1	1	1	0
13	1	40.1878643167	68.17891774	62.2333333333	0.0	0	0	15.0	7.75	0	1	1	1	0
14	1	48.2056049667	67.06555236	74.5333333333	0.0	0	0	90.0	7.75	0	1	1	1	0
15	1	45.33499255	63.90547715	72.5166666667	0.0	0	0	50.0	7.75	0	1	1	1	0
16	1	45.33499255	63.90547715	72.5166666667	0.0	1	1	40.0	7.75	0	1	1	1	0
17	1	45.33499255	63.90547715	72.5166666667	1.0	0	0	70.0	7.75	0	1	1	1	0
18	1	26.3727565167	42.94517164	65.5333333333	1.0	0	0	120.0	7.75	0	1	1	1	0
19	1	45.2344690667	68.21929938	75.1166666667	1.0	0	0	38.7	7.75	0	1	1	1	0
20	1	45.2344690667	68.21929938	75.1166666667	1.0	0	0	70.0	7.75	0	1	1	1	0
21	1	40.9683836667	66.60847718	53.6833333333	0.0	0	0	75.0	7.75	0	1	1	1	0
22	1	40.9683836667	66.60847718	53.6833333333	1.0	0	0	30.0	7.75	0	1	1	1	0
23	1	40.9683836667	66.60847718	53.6833333333	0.0	0	0	55.0	7.75	0	1	1	1	0
24	1	37.9071900833	68.39660218	66.8333333333	1.0	0	0	55.0	7.75	0	1	1	1	0
25	1	37.9071900833	68.39660218	66.8333333333	1.0	1	0	30.0	7.75	0	1	1	1	0
26	1	49.0843246	64.82919017	71.1166666667	0.0	0	0	60.0	7.75	0	1	1	1	0
27	1	24.5843665833	48.90327895	58.7666666667	0.0	0	0	60.0	7.75	0	1	1	1	0
28	1	37.6085556333	60.25857119	55.1333333333	0.0	1	0	37.0	7.75	0	1	1	1	0
29	1	37.6085556333	60.25857119	55.1333333333	0.0	0	0	55.0	7.75	0	1	1	1	0
30	1	37.6085556333	60.25857119	55.1333333333	1.0	0	0	60.0	7.75	0	1	1	1	0
31	1	37.6085556333	60.25857119	55.1333333333	0.0	0	1	38.7	7.75	0	1	1	1	0
32	1	42.8038599667	66.83415588	70.3833333333	0.0	0	0	30.0	7.75	0	1	1	1	0
33	1	42.8038599667	66.83415588	70.3833333333	1.0	0	1	60.0	7.75	0	1	1	1	0
34	1	42.8038599667	66.83415588	70.3833333333	1.0	1	0	45.0	7.75	0	1	1	1	0
35	1	42.8038599667	66.83415588	70.3833333333	0.0	0	0	38.7	7.75	0	1	1	1	0
36	1	42.8038599667	66.83415588	70.3833333333	1.0	1	0	38.7	7.75	0	1	1	1	0
37	1	33.8378619667	68.44091579	73.0833333333	0.0	0	1	25.0	7.75	0	1	1	1	0
38	1	46.9126850167	68.04205471	65.05	0.0	1	0	60.0	7.75	0	1	1	1	0
39	1	46.9126850167	68.04205471	65.05	1.0	0	1	45.0	7.75	0	1	1	1	0
40	1	39.87602955	68.49460435	74.75	0.0	0	1	60.0	7.75	0	1	1	1	0
41	1	39.87602955	68.49460435	74.75	0.0	0	0	60.0	7.75	0	1	1	1	0
42	1	33.0192214167	52.32345148	64.75	1.0	0	0	30.0	7.75	0	1	1	1	0
43	1	46.3806163833	68.28061554	50.0166666667	0.0	1	0	38.7	7.75	0	1	1	1	0
44	1	33.5847517667	52.9011677	66.5	1.0	1	0	45.0	7.75	0	1	1	1	0
45	1	32.3137566167	47.06751005	75.9333333333	0.0	0	0	32.0	7.75	0	1	1	1	0
46	1	32.3137566167	47.06751005	75.9333333333	1.0	0	0	25.0	7.75	0	1	1	1	0
47	1	47.2605788833	63.6171793	72.1833333333	0.0	1	0	50.0	7.75	0	1	1	1	0
48	1	47.2605788833	63.6171793	72.1833333333	1.0	1	0	38.7	7.75	0	1	1	1	0
49	1	28.1725071167	44.50614743	60.3	0.0	0	0	30.0	7.75	0	1	1	1	0
50	1	28.1725071167	44.50614743	60.3	0.0	0	1	38.0	7.75	0	1	1	1	0
51	1	23.0123655833	37.59233862	50.5333333333	0.0	0	0	30.0	7.75	0	1	1	1	0
52	1	39.7790153833	63.26119903	72.5833333333	1.0	1	0	38.7	7.75	0	1	1	1	0
53	1	16.5888888883	33.01023753	71.2833333333	0.0	1	0	60.0	7.75	0	1	1	1	0
54	1	37.0066666667	63.71749056	52.9833333333	0.0	0	0	20.0	7.75	0	1	1	1	0
55	1	37.0066666667	63.71749056	52.9833333333	0.0	0	1	12.0	7.75	0	1	1	1	0
56	1	25.85555555	40.04845634	67.3166666667	1.0	0	1	38.7	7.75	0	1	1	1	0
57	1	39.741443	67.64752939	68.6166666667	0.0	0	0	35.0	7.75	0	1	1	1	0
58	1	39.741443	67.64752939	68.6166666667	0.0	1	0	60.0	7.75	0	1	1	1	0
59	1	36.6416666667	68.89495726	78.7	0.0	0	1	30.0	7.75	0	1	1	1	0
60	1	36.833021	68.28222352	69.7666666667	0.0	0	0	45.0	7.75	0	1	1	1	0
61	1	25.5583333333	52.88347112	43.8666666667	0.0	0	1	20.0	7.75	0	1	1	1	0
62	1	40.1282754333	65.82688167	78.9	0.0	0	0	60.0	7.75	0	1	1	1	0
63	1	40.1282754333	65.82688167	78.9	1.0	1	0	40.0	7.75	0	1	1	1	0
64	1	45.8783134833	65.14715183	76.1666666667	0.0	0	0	90.0	7.75	0	1	1	1	0
65	1	45.8783134833	65.14715183	76.1666666667	1.0	0	0	30.0	7.75	0	1	1	1	0
66	1	44.9954813333	68.31946108	54.6666666667	0.0	0	1	90.0	7.75	0	1	1	1	0
67	1	44.9954813333	68.31946108	54.6666666667	1.0	1	0	45.0	7.75	0	1	1	1	0
68	1	17.1084967333	29.05064175	38.3166666667	0.0	0	0	20.0	7.75	0	1	1	1	0
69	1	17.1084967333	29.05064175	38.3166666667	0.0	0	1	22.0	7.75	0	1	1	1	0
70	1	39.0902679333	60.05021508	76.7166666667	0.0	1	0	25.0	7.75	0	1	1	1	0
71	1	39.0902679333	60.05021508	76.7166666667	0.0	0	0	45.0	7.75	0	1	1	1	0
72	1	39.0902679333	60.05021508	76.7166666667	0.0	1	0	30.0	7.75	0	1	1	1	0
73	1	39.0902679333	60.05021508	76.7166666667	1.0	0	0	30.0	7.75	0	1	1	1	0
74	1	39.0902679333	60.05021508	76.7166666667	1.0	1	1	40.0	7.75	0	1	1	1	0
75	1	39.0902679333	60.05021508	76.7166666667	0.0	0	0	60.0	7.75	0	1	1	1	0
76	1	34.8809834	55.11776935	70.4166666667	0.0	1	1	12.0	7.75	0	1	1	1	0
77	1	38.7351851833	72.82606917	70.8166666667	0.0	1	0	30.0	7.75	0	1	1	1	0
78	1	38.7351851833	72.82606917	70.8166666667	0.0	0	1	30.0	7.75	0	1	1	1	0
79	1	7.91004902	14.63331409	51.4833333333	0.0	0	1	10.0	7.75	0	1	1	1	0
80	1	31.1833333333	52.93533586	71.7833333333	0.0	0	0	40.0	7.75	0	1	1	1	0
81	1	28.6845588167	48.72482496	69.8333333333	0.0	0	1	30.0	7.75	0	1	1	1	0
82	1	37.1980979333	54.92187102	51.0833333333	1.0	0	0	38.7	7.75	0	1	1	1	0
83	1	14.4387096767	33.72320494	42.6666666667	1.0	0	1	38.7	7.75	0	1	1	1	0
84	1	37.96486885	68.01877277	67.4333333333	0.0	1	0	60.0	7.75	0	1	1	1	0
85	1	24.1979798	40.42082408	61.2333333333	1.0	1	0	25.0	7.75	0	1	1	1	0
86	1	28.79375	51.49745749	90.65	0.0	1	0	20.0	7.75	0	1	1	1	0
87	1	28.79375	51.49745749	90.65	1.0	1	0	25.0	7.75	0	1	1	1	0
88	1	26.10185185	49.48759994	73.55	0.0	0	1	38.7	7.75	0	1	1	1	0
89	1	41.4445101167	66.09756196	56.4166666667	0.0	0	0	44.0	7.75	0	1	1	1	0
90	1	29.4666116667	65.48658724	75.3666666667	0.0	1	0	20.0	7.75	0	1	1	1	0
91	1	38.9045977	68.50849737	79.6333333333	0.0	0	0	30.0	7.75	0	1	1	1	0
92	1	38.9045977	68.50849737	79.6333333333	0.0	0	0	45.0	7.75	0	1	1	1	0
93	1	47.87902275	66.69592392	58.0833333333	1.0	0	0	50.0	7.75	0	1	1	1	0
94	1	47.87902275	66.69592392	58.0833333333	0.0	0	0	50.0	7.75	0	1	1	1	0
95	1	47.87902275	66.69592392	58.0833333333	1.0	0	0	120.0	7.75	0	1	1	1	0
96	1	47.87902275	66.69592392	58.0833333333	0.0	0	1	25.0	7.75	0	1	1	1	0
97	1	47.87902275	66.69592392	58.0833333333	1.0	0	1	100.0	7.75	0	1	1	1	0
98	1	47.87902275	66.69592392	58.0833333333	1.0	0	0	60.0	7.75	0	1	1	1	0
99	1	47.87902275	66.69592392	58.0833333333	1.0	0	0	30.0	7.75	0	1	1	1	0
100	1	47.87902275	66.69592392	58.0833333333	1.0	1	0	50.0	7.75	0	1	1	1	0
101	1	47.87902275	66.69592392	58.0833333333	1.0	0	0	60.0	7.75	0	1	1	1	0
102	1	35.0562903167	68.52328677	72.2166666667	0.0	0	0	25.0	7.75	0	1	1	1	0
103	1	35.0562903167	68.52328677	72.2166666667	1.0	0	0	40.0	7.75	0	1	1	1	0
104	1	35.0562903167	68.52328677	72.2166666667	1.0	0	0	45.0	7.75	0	1	1	1	0
105	1	28.7190476167	46.05232605	64.05	0.0	0	0	20.0	7.75	0	1	1	1	0
106	1	47.49112175	67.82537809	60.8333333333	1.0	0	0	50.0	7.75	0	1	1	1	0
107	1	47.49112175	67.82537809	60.8333333333	0.0	0	0	40.0	7.75	0	1	1	1	0
108	1	47.49112175	67.82537809	60.8333333333	0.0	1	0	60.0	7.75	0	1	1	1	0
109	1	47.49112175	67.82537809	60.8333333333	0.0	0	0	35.0	7.75	0	1	1	1	0
110	1	47.49112175	67.82537809	60.8333333333	1.0	0	0	30.0	7.75	0	1	1	1	0
111	1	47.49112175	67.82537809	60.8333333333	1.0	1	0	38.7	7.75	0	1	1	1	0
112	1	47.1661189	63.96542118	63.7833333333	1.0	1	0	45.0	7.75	0	1	1	1	0
113	1	35.3366666667	61.66907149	55.0166666667	0.0	0	1	45.0	7.75	0	1	1	1	0
114	1	34.7086563333	55.47388975	67.5166666667	0.0	0	0	50.0	7.75	0	1	1	1	0
115	1	40.1878643167	68.17891774	62.2333333333	0.0	1	0	70.0	7.75	0	1	1	1	0
116	1	40.1878643167	68.17891774	62.2333333333	0.0	0	0	45.0	7.75	0	1	1	1	0
117	1	40.1878643167	68.17891774	62.2333333333	1.0	0	0	60.0	7.75	0	1	1	1	0
118	1	40.1878643167	68.17891774	62.2333333333	1.0	0	0	45.0	7.75	0	1	1	1	0
119	1	40.1878643167	68.17891774	62.2333333333	1.0	1	0	38.7	7.75	0	1	1	1	0
120	1	33.2	68.79214545	96.25	0.0	1	0	50.0	7.75	0	1	1	1	0
121	1	48.2056049667	67.06555236	74.5333333333	0.0	0	0	45.0	7.75	0	1	1	1	0
122	1	48.2056049667	67.06555236	74.5333333333	1.0	0	0	120.0	7.75	0	1	1	1	0
123	1	48.2056049667	67.06555236	74.5333333333	0.0	0	1	60.0	7.75	0	1	1	1	0
124	1	48.2056049667	67.06555236	74.5333333333	1.0	1	0	45.0	7.75	0	1	1	1	0
125	1	48.2056049667	67.06555236	74.5333333333	0.0	0	0	30.0	7.75	0	1	1	1	0
126	1	48.2056049667	67.06555236	74.5333333333	0.0	0	0	35.0	7.75	0	1	1	1	0
127	1	48.2056049667	67.06555236	74.5333333333	1.0	0	0	50.0	7.75	0	1	1	1	0
128	1	16.1523809517	27.70877356	38.6166666667	0.0	1	0	30.0	7.75	0	1	1	1	0
129	1	16.1523809517	27.70877356	38.6166666667	0.0	0	0	35.0	7.75	0	1	1	1	0
130	1	16.1523809517	27.70877356	38.6166666667	1.0	0	0	38.7	7.75	0	1	1	1	0
131	1	16.1523809517	27.70877356	38.6166666667	1.0	0	0	38.7	7.75	0	1	1	1	0
132	1	45.33499255	63.90547715	72.5166666667	1.0	1	0	45.0	7.75	0	1	1	1	0
133	1	45.33499255	63.90547715	72.5166666667	1.0	1	0	45.0	7.75	0	1	1	1	0
134	1	45.33499255	63.90547715	72.5166666667	1.0	0	0	80.0	7.75	0	1	1	1	0
135	1	26.3727565167	42.94517164	65.5333333333	1.0	0	0	20.0	7.75	0	1	1	1	0
136	1	26.3727565167	42.94517164	65.5333333333	1.0	0	0	30.0	7.75	0	1	1	1	0
137	1	26.3727565167	42.94517164	65.5333333333	0.0	0	0	60.0	7.75	0	1	1	1	0
138	1	26.3727565167	42.94517164	65.5333333333	1.0	0	1	60.0	7.75	0	1	1	1	0
139	1	26.3727565167	42.94517164	65.5333333333	1.0	0	0	20.0	7.75	0	1	1	1	0
140	1	26.3727565167	42.94517164	65.5333333333	1.0	0	1	1.0	7.75	0	1	1	1	0
141	1	26.3727565167	42.94517164	65.5333333333	1.0	0	0	35.0	7.75	0	1	1	1	0
142	1	26.3727565167	42.94517164	65.5333333333	0.0	1	0	25.0	7.75	0	1	1	1	0
143	1	26.3727565167	42.94517164	65.5333333333	1.0	0	1	10.0	7.75	0	1	1	1	0
144	1	26.3727565167	42.94517164	65.5333333333	1.0	1	0	30.0	7.75	0	1	1	1	0
145	1	26.3727565167	42.94517164	65.5333333333	1.0	0	0	45.0	7.75	0	1	1	1	0
146	1	45.2344690667	68.21929938	75.1166666667	1.0	1	0	79.2	7.75	0	1	1	1	0
147	1	40.9683836667	66.60847718	53.6833333333	0.0	1	0	60.0	7.75	0	1	1	1	0
148	1	40.9683836667	66.60847718	53.6833333333	1.0	0	0	50.0	7.75	0	1	1	1	0
149	1	40.9683836667	66.60847718	53.6833333333	1.0	0	0	38.7	7.75	0	1	1	1	0
150	1	37.9071900833	68.39660218	66.8333333333	0.0	1	0	60.0	7.75	0	1	1	1	0
151	1	37.9071900833	68.39660218	66.8333333333	0.0	0	0	45.0	7.75	0	1	1	1	0
152	1	37.9071900833	68.39660218	66.8333333333	0.0	0	1	60.0	7.75	0	1	1	1	0
153	1	37.9071900833	68.39660218	66.8333333333	1.0	0	1	70.0	7.75	0	1	1	1	0
154	1	37.9071900833	68.39660218	66.8333333333	0.0	1	0	38.7	7.75	0	1	1	1	0
155	1	37.9071900833	68.39660218	66.8333333333	0.0	1	1	38.7	7.75	0	1	1	1	0
156	1	37.9071900833	68.39660218	66.8333333333	1.0	1	0	60.0	7.75	0	1	1	1	0
157	1	37.9071900833	68.39660218	66.8333333333	1.0	1	0	40.0	7.75	0	1	1	1	0
158	1	37.9071900833	68.39660218	66.8333333333	1.0	1	0	35.0	7.75	0	1	1	1	0
159	1	37.9071900833	68.39660218	66.8333333333	1.0	1	0	75.0	7.75	0	1	1	1	0
160	1	37.9071900833	68.39660218	66.8333333333	1.0	0	0	45.0	7.75	0	1	1	1	0
161	1	43.8253634833	63.99179805	65.7333333333	0.0	0	0	60.0	7.75	0	1	1	1	0
162	1	43.8253634833	63.99179805	65.7333333333	1.0	0	0	38.7	7.75	0	1	1	1	0
163	1	43.8253634833	63.99179805	65.7333333333	1.0	0	0	90.0	7.75	0	1	1	1	0
164	1	49.0843246	64.82919017	71.1166666667	1.0	0	1	70.0	7.75	0	1	1	1	0
165	1	11.3888888883	37.18657779	35.15	0.0	0	1	60.0	7.75	0	1	1	1	0
166	1	24.5843665833	48.90327895	58.7666666667	1.0	0	1	25.0	7.75	0	1	1	1	0
167	1	24.5843665833	48.90327895	58.7666666667	0.0	0	1	25.0	7.75	0	1	1	1	0
168	1	37.6085556333	60.25857119	55.1333333333	1.0	1	0	45.0	7.75	0	1	1	1	0
169	1	37.6085556333	60.25857119	55.1333333333	0.0	1	0	40.0	7.75	0	1	1	1	0
170	1	37.6085556333	60.25857119	55.1333333333	0.0	1	0	60.0	7.75	0	1	1	1	0
171	1	37.6085556333	60.25857119	55.1333333333	0.0	0	1	38.7	7.75	0	1	1	1	0
172	1	37.6085556333	60.25857119	55.1333333333	1.0	0	1	38.7	7.75	0	1	1	1	0
173	1	37.6085556333	60.25857119	55.1333333333	0.0	0	0	38.7	7.75	0	1	1	1	0
174	1	42.8038599667	66.83415588	70.3833333333	0.0	0	0	45.0	7.75	0	1	1	1	0
175	1	42.8038599667	66.83415588	70.3833333333	0.0	0	0	40.0	7.75	0	1	1	1	0
176	1	42.8038599667	66.83415588	70.3833333333	0.0	0	0	30.0	7.75	0	1	1	1	0
177	1	42.8038599667	66.83415588	70.3833333333	1.0	0	1	55.0	7.75	0	1	1	1	0
178	1	25.5992823	48.3684003	73.2166666667	0.0	0	0	23.0	7.75	0	1	1	1	0
179	1	25.5992823	48.3684003	73.2166666667	0.0	0	1	45.0	7.75	0	1	1	1	0
180	1	29.5083333333	65.62197309	92.75	0.0	0	1	40.0	7.75	0	1	1	1	0
181	1	38.3041666667	77.86252603	101.333333333	1.0	0	0	60.0	7.75	0	1	1	1	0
182	1	33.8378619667	68.44091579	73.0833333333	1.0	1	0	60.0	7.75	0	1	1	1	0
183	1	33.8378619667	68.44091579	73.0833333333	0.0	0	1	38.7	7.75	0	1	1	1	0
184	1	33.8378619667	68.44091579	73.0833333333	1.0	0	0	45.0	7.75	0	1	1	1	0
185	1	33.8378619667	68.44091579	73.0833333333	1.0	0	1	45.0	7.75	0	1	1	1	0
186	1	46.9126850167	68.04205471	65.05	1.0	1	0	45.0	7.75	0	1	1	1	0
187	1	46.9126850167	68.04205471	65.05	1.0	0	0	45.0	7.75	0	1	1	1	0
188	1	46.9126850167	68.04205471	65.05	1.0	0	1	45.0	7.75	0	1	1	1	0
189	1	46.9126850167	68.04205471	65.05	0.0	0	0	75.0	7.75	0	1	1	1	0
190	1	46.9126850167	68.04205471	65.05	1.0	0	1	60.0	7.75	0	1	1	1	0
191	1	46.9126850167	68.04205471	65.05	1.0	0	0	40.0	7.75	0	1	1	1	0
192	1	46.9126850167	68.04205471	65.05	0.0	1	0	50.0	7.75	0	1	1	1	0
193	1	46.9126850167	68.04205471	65.05	1.0	0	0	60.0	7.75	0	1	1	1	0
194	1	29.3475862	68.65013682	96.0	0.0	1	0	45.0	7.75	0	1	1	1	0
195	1	29.3475862	68.65013682	96.0	0.0	0	1	40.0	7.75	0	1	1	1	0
196	1	29.3475862	68.65013682	96.0	1.0	1	0	79.2	7.75	0	1	1	1	0
197	1	29.3475862	68.65013682	96.0	1.0	0	0	75.0	7.75	0	1	1	1	0
198	1	29.3475862	68.65013682	96.0	1.0	0	1	80.0	7.75	0	1	1	1	0
199	1	39.87602955	68.49460435	74.75	1.0	0	1	45.0	7.75	0	1	1	1	0
200	1	39.87602955	68.49460435	74.75	0.0	0	0	30.0	7.75	0	1	1	1	0
201	1	39.87602955	68.49460435	74.75	0.0	0	0	30.0	7.75	0	1	1	1	0
202	1	39.87602955	68.49460435	74.75	0.0	0	0	30.0	7.75	0	1	1	1	0
203	1	39.87602955	68.49460435	74.75	0.0	0	0	45.0	7.75	0	1	1	1	0
204	1	39.87602955	68.49460435	74.75	0.0	0	1	38.7	7.75	0	1	1	1	0
205	1	39.87602955	68.49460435	74.75	0.0	0	0	79.2	7.75	0	1	1	1	0
206	1	39.87602955	68.49460435	74.75	1.0	0	0	40.0	7.75	0	1	1	1	0
207	1	28.7714285667	44.53693126	43.25	1.0	1	0	38.7	7.75	0	1	1	1	0
208	1	28.7714285667	44.53693126	43.25	1.0	0	0	38.7	7.75	0	1	1	1	0
209	1	37.2806983667	68.68188962	77.3833333333	0.0	0	0	75.0	7.75	0	1	1	1	0
210	1	37.2806983667	68.68188962	77.3833333333	0.0	1	1	38.7	7.75	0	1	1	1	0
211	1	46.3806163833	68.28061554	50.0166666667	0.0	1	0	65.0	7.75	0	1	1	1	0
212	1	46.3806163833	68.28061554	50.0166666667	1.0	0	1	38.0	7.75	0	1	1	1	0
213	1	46.3806163833	68.28061554	50.0166666667	0.0	0	0	35.0	7.75	0	1	1	1	0
214	1	46.3806163833	68.28061554	50.0166666667	1.0	1	0	30.0	7.75	0	1	1	1	0
215	1	46.3806163833	68.28061554	50.0166666667	0.0	0	0	35.0	7.75	0	1	1	1	0
216	1	46.3806163833	68.28061554	50.0166666667	0.0	0	0	45.0	7.75	0	1	1	1	0
217	1	46.3806163833	68.28061554	50.0166666667	0.0	1	0	60.0	7.75	0	1	1	1	0
218	1	46.3806163833	68.28061554	50.0166666667	1.0	1	0	38.7	7.75	0	1	1	1	0
219	1	46.3806163833	68.28061554	50.0166666667	1.0	1	0	38.7	7.75	0	1	1	1	0
220	1	46.3806163833	68.28061554	50.0166666667	1.0	0	0	90.0	7.75	0	1	1	1	0
221	1	38.8239700333	64.11250404	77.0833333333	0.0	1	0	30.0	7.75	0	1	1	1	0
222	1	38.8239700333	64.11250404	77.0833333333	0.0	1	0	30.0	7.75	0	1	1	1	0
223	1	45.6354267667	64.62069762	70.65	0.0	0	0	75.0	7.75	0	1	1	1	0
224	1	45.6354267667	64.62069762	70.65	0.0	0	1	30.0	7.75	0	1	1	1	0
225	1	45.6354267667	64.62069762	70.65	1.0	0	0	45.0	7.75	0	1	1	1	0
226	1	32.3137566167	47.06751005	75.9333333333	0.0	0	1	30.0	7.75	0	1	1	1	0
227	1	47.2605788833	63.6171793	72.1833333333	0.0	0	0	30.0	7.75	0	1	1	1	0
228	1	47.2605788833	63.6171793	72.1833333333	0.0	0	1	45.0	7.75	0	1	1	1	0
229	1	47.2605788833	63.6171793	72.1833333333	0.0	0	1	30.0	7.75	0	1	1	1	0
230	1	47.2605788833	63.6171793	72.1833333333	1.0	0	0	30.0	7.75	0	1	1	1	0
231	1	47.2605788833	63.6171793	72.1833333333	0.0	0	1	38.7	7.75	0	1	1	1	0
232	1	47.2605788833	63.6171793	72.1833333333	0.0	1	1	38.7	7.75	0	1	1	1	0
233	1	28.1725071167	44.50614743	60.3	0.0	0	0	45.0	7.75	0	1	1	1	0
234	1	23.0123655833	37.59233862	50.5333333333	0.0	0	0	35.0	7.75	0	1	1	1	0
235	1	23.0123655833	37.59233862	50.5333333333	0.0	0	1	20.0	7.75	0	1	1	1	0
236	1	20.3724637667	54.88827995	54.2333333333	0.0	0	0	30.0	7.75	0	1	1	1	0
237	1	31.075	69.88257372	87.9	0.0	1	1	60.0	7.75	0	1	1	1	0
238	1	31.075	69.88257372	87.9	1.0	0	0	79.2	7.75	0	1	1	1	0
239	1	49.6781623333	66.30087139	72.3333333333	1.0	0	0	79.2	7.75	0	1	1	1	0
240	1	49.6781623333	66.30087139	72.3333333333	1.0	1	1	38.7	7.75	0	1	1	1	0
241	1	49.6781623333	66.30087139	72.3333333333	1.0	1	1	45.0	7.75	0	1	1	1	0
242	1	49.6781623333	66.30087139	72.3333333333	0.0	1	1	60.0	7.75	0	1	1	1	0
243	1	38.81	72.99604381	99.7666666667	0.0	1	0	45.0	7.75	0	1	1	1	0
244	1	38.81	72.99604381	99.7666666667	1.0	0	0	75.0	7.75	0	1	1	1	0
245	1	39.7790153833	63.26119903	72.5833333333	1.0	0	0	60.0	7.75	0	1	1	1	0
246	1	39.7790153833	63.26119903	72.5833333333	0.0	0	0	65.0	7.75	0	1	1	1	0
247	1	39.7790153833	63.26119903	72.5833333333	1.0	1	0	75.0	7.75	0	1	1	1	0
248	1	32.3890625	68.12933854	83.8333333333	0.0	0	0	60.0	7.75	0	1	1	1	0
249	1	32.3890625	68.12933854	83.8333333333	0.0	1	0	35.0	7.75	0	1	1	1	0
250	1	32.3890625	68.12933854	83.8333333333	1.0	1	0	79.2	7.75	0	1	1	1	0
251	1	32.3890625	68.12933854	83.8333333333	0.0	0	0	38.7	7.75	0	1	1	1	0
252	1	32.3890625	68.12933854	83.8333333333	1.0	0	0	38.7	7.75	0	1	1	1	0
253	1	32.3890625	68.12933854	83.8333333333	1.0	1	0	79.2	7.75	0	1	1	1	0
254	1	16.5888888883	33.01023753	71.2833333333	0.0	0	1	10.0	7.75	0	1	1	1	0
255	1	25.85555555	40.04845634	67.3166666667	1.0	0	0	60.0	7.75	0	1	1	1	0
256	1	39.741443	67.64752939	68.6166666667	0.0	0	0	35.0	7.75	0	1	1	1	0
257	1	36.6416666667	68.89495726	78.7	0.0	0	1	75.0	7.75	0	1	1	1	0
258	1	36.6416666667	68.89495726	78.7	0.0	0	0	45.0	7.75	0	1	1	1	0
259	1	36.6416666667	68.89495726	78.7	1.0	0	0	40.0	7.75	0	1	1	1	0
260	1	36.833021	68.28222352	69.7666666667	0.0	0	0	35.0	7.75	0	1	1	1	0
261	1	36.833021	68.28222352	69.7666666667	0.0	0	0	75.0	7.75	0	1	1	1	0
262	1	36.833021	68.28222352	69.7666666667	1.0	0	0	35.0	7.75	0	1	1	1	0
263	1	36.833021	68.28222352	69.7666666667	1.0	1	0	38.7	7.75	0	1	1	1	0
264	1	36.833021	68.28222352	69.7666666667	1.0	0	0	38.7	7.75	0	1	1	1	0
265	1	36.833021	68.28222352	69.7666666667	1.0	0	0	40.0	7.75	0	1	1	1	0
266	1	42.8333333333	68.24247048	67.8833333333	1.0	0	1	30.0	7.75	0	1	1	1	0
267	1	42.8333333333	68.24247048	67.8833333333	0.0	0	0	35.0	7.75	0	1	1	1	0
268	1	25.5583333333	52.88347112	43.8666666667	0.0	0	0	20.0	7.75	0	1	1	1	0
269	1	40.1282754333	65.82688167	78.9	0.0	1	0	40.0	7.75	0	1	1	1	0
270	1	34.4666666667	57.78582513	78.9833333333	0.0	1	0	20.0	7.75	0	1	1	1	0
271	1	34.4666666667	57.78582513	78.9833333333	0.0	1	0	38.7	7.75	0	1	1	1	0
272	1	28.3826923	50.67282248	40.2166666667	0.0	0	0	25.0	7.75	0	1	1	1	0
273	1	45.8783134833	65.14715183	76.1666666667	0.0	0	0	100.0	7.75	0	1	1	1	0
274	1	44.9954813333	68.31946108	54.6666666667	0.0	0	0	75.0	7.75	0	1	1	1	0
275	1	44.9954813333	68.31946108	54.6666666667	0.0	1	1	25.0	7.75	0	1	1	1	0
276	1	44.9954813333	68.31946108	54.6666666667	1.0	0	0	60.0	7.75	0	1	1	1	0
277	1	39.6539215667	68.62897643	83.6166666667	0.0	0	1	60.0	7.75	0	1	1	1	0
278	1	39.6539215667	68.62897643	83.6166666667	0.0	0	1	30.0	7.75	0	1	1	1	0
279	1	17.1084967333	29.05064175	38.3166666667	1.0	0	0	38.7	7.75	0	1	1	1	0
280	1	17.1084967333	29.05064175	38.3166666667	0.0	0	0	38.7	7.75	0	1	1	1	0
281	1	19.2156862667	39.23197631	42.4333333333	0.0	0	0	20.0	7.75	0	1	1	1	0
282	1	19.2156862667	39.23197631	42.4333333333	0.0	0	0	38.7	7.75	0	1	1	1	0
283	1	39.0902679333	60.05021508	76.7166666667	1.0	0	1	40.0	7.75	0	1	1	1	0
284	1	32.7888888833	77.91209095	93.5833333333	0.0	0	1	45.0	7.75	0	1	1	1	0
285	1	32.8931184833	60.0011298	53.9666666667	1.0	0	0	11.0	7.75	0	1	1	1	0
286	1	32.8931184833	60.0011298	53.9666666667	0.0	1	0	30.0	7.75	0	1	1	1	0
287	1	32.8931184833	60.0011298	53.9666666667	1.0	0	1	60.0	7.75	0	1	1	1	0
288	1	32.8931184833	60.0011298	53.9666666667	1.0	0	0	60.0	7.75	0	1	1	1	0
289	1	32.8931184833	60.0011298	53.9666666667	1.0	0	1	20.0	7.75	0	1	1	1	0
290	1	32.8931184833	60.0011298	53.9666666667	1.0	1	0	30.0	7.75	0	1	1	1	0
291	1	49.1459884167	67.33464159	78.6	0.0	0	0	60.0	7.75	0	1	1	1	0
292	1	34.8809834	55.11776935	70.4166666667	0.0	1	0	70.0	7.75	0	1	1	1	0
293	1	38.7351851833	72.82606917	70.8166666667	0.0	0	0	30.0	7.75	0	1	1	1	0
294	1	29.14728225	51.41066824	55.2166666667	0.0	0	1	30.0	7.75	0	1	1	1	0
295	1	29.14728225	51.41066824	55.2166666667	0.0	0	1	30.0	7.75	0	1	1	1	0
296	1	7.91004902	14.63331409	51.4833333333	0.0	0	0	35.0	7.75	0	1	1	1	0
297	1	7.91004902	14.63331409	51.4833333333	0.0	0	0	35.0	7.75	0	1	1	1	0
298	1	7.91004902	14.63331409	51.4833333333	1.0	0	0	38.7	7.75	0	1	1	1	0
299	1	7.91004902	14.63331409	51.4833333333	1.0	1	0	38.7	7.75	0	1	1	1	0
300	1	29.2277777833	63.63739365	97.6666666667	1.0	0	1	30.0	7.75	0	1	1	1	0
301	1	41.9825579333	68.26557765	66.6833333333	0.0	1	0	30.0	7.75	0	1	1	1	0
302	1	41.9825579333	68.26557765	66.6833333333	0.0	0	0	60.0	7.75	0	1	1	1	0
303	1	41.9825579333	68.26557765	66.6833333333	0.0	0	0	70.0	7.75	0	1	1	1	0
304	1	41.9825579333	68.26557765	66.6833333333	0.0	0	0	38.7	7.75	0	1	1	1	0
305	1	41.9825579333	68.26557765	66.6833333333	1.0	0	0	60.0	7.75	0	1	1	1	0
306	1	24.25	52.04316727	82.9	0.0	0	1	30.0	7.75	0	1	1	1	0
307	1	37.1980979333	54.92187102	51.0833333333	1.0	0	1	38.7	7.75	0	1	1	1	0
308	1	31.6650828	53.96259508	64.2166666667	0.0	0	0	30.0	7.75	0	1	1	1	0
309	1	14.4387096767	33.72320494	42.6666666667	0.0	0	1	10.0	7.75	0	1	1	1	0
310	1	37.2470238167	68.79214545	89.0166666667	1.0	0	1	45.0	7.75	0	1	1	1	0
311	1	31.2566978167	68.45862449	82.7333333333	0.0	1	0	30.0	7.75	0	1	1	1	0
312	1	31.2566978167	68.45862449	82.7333333333	1.0	0	0	80.0	7.75	0	1	1	1	0
313	1	37.96486885	68.01877277	67.4333333333	1.0	0	0	60.0	7.75	0	1	1	1	0
314	1	18.2989006167	44.50074113	40.5666666667	0.0	1	1	12.0	7.75	0	1	1	1	0
315	1	27.4652777833	42.82409193	71.7166666667	1.0	0	0	45.0	7.75	0	1	1	1	0
316	1	27.4836257333	51.19727193	59.9833333333	1.0	0	1	45.0	7.75	0	1	1	1	0
317	1	27.4836257333	51.19727193	59.9833333333	0.0	0	0	50.0	7.75	0	1	1	1	0
318	1	28.79375	51.49745749	90.65	0.0	0	1	25.0	7.75	0	1	1	1	0
319	1	28.79375	51.49745749	90.65	1.0	0	1	38.7	7.75	0	1	1	1	0
320	1	28.79375	51.49745749	90.65	1.0	0	1	38.7	7.75	0	1	1	1	0
321	1	22.04453125	36.76478031	53.0833333333	0.0	1	0	25.0	7.75	0	1	1	1	0
322	1	27.6166666667	61.73806586	98.6833333333	1.0	0	0	30.0	7.75	0	1	1	1	0
323	1	42.6054248833	68.48165068	76.6	0.0	0	0	70.0	7.75	0	1	1	1	0
324	1	42.6054248833	68.48165068	76.6	0.0	1	0	35.0	7.75	0	1	1	1	0
325	1	42.6054248833	68.48165068	76.6	1.0	0	0	38.7	7.75	0	1	1	1	0
326	1	42.6054248833	68.48165068	76.6	1.0	0	0	35.0	7.75	0	1	1	1	0
327	1	42.6054248833	68.48165068	76.6	1.0	1	0	50.0	7.75	0	1	1	1	0
328	1	39.1166666667	68.25254165	63.85	0.0	1	0	45.0	7.75	0	1	1	1	0
329	1	26.10185185	49.48759994	73.55	0.0	0	0	38.7	7.75	0	1	1	1	0
330	1	26.10185185	49.48759994	73.55	1.0	0	1	38.7	7.75	0	1	1	1	0
331	1	37.34444445	71.13954012	88.0	0.0	0	0	45.0	7.75	0	1	1	1	0
332	1	30.5	70.57648261	90.55	1.0	0	0	50.0	7.75	0	1	1	1	0
333	1	22.6690476167	42.85213151	93.1166666667	0.0	0	1	38.7	7.75	0	1	1	1	0
334	1	22.6690476167	42.85213151	93.1166666667	0.0	0	1	38.7	7.75	0	1	1	1	0
335	1	38.9045977	68.50849737	79.6333333333	1.0	0	0	45.0	7.75	0	1	1	1	0
336	1	34.4916666667	55.31445207	95.3833333333	0.0	1	0	45.0	7.75	0	1	1	1	0
337	1	34.4916666667	55.31445207	95.3833333333	1.0	0	1	15.0	7.75	0	1	1	1	0
338	1	42.13125	72.26565513	73.55	0.0	0	1	25.0	7.75	0	1	1	1	0
339	1	38.975	80.09294749	97.0833333333	1.0	0	0	45.0	7.75	0	1	1	1	0
340	1	38.975	80.09294749	97.0833333333	1.0	0	0	38.7	7.75	0	1	1	1	0
341	1	16.8655038833	37.51617299	39.6	0.0	0	1	35.0	7.75	0	1	1	1	0
342	1	29.6625	54.42228349	106.516666667	0.0	0	1	49.0	7.75	0	1	1	1	0
343	1	29.6625	54.42228349	106.516666667	0.0	0	1	35.0	7.75	0	1	1	1	0
344	1	13.9722222217	30.76301617	37.1666666667	1.0	1	0	20.0	7.75	0	1	1	1	0
345	1	48.7519208	65.55642085	76.0666666667	0.0	1	0	38.7	7.75	0	1	1	1	0
346	1	30.7019097167	52.62344859	58.4666666667	0.0	0	1	20.0	7.75	0	1	1	1	0
347	1	32.3872483167	48.52372522	62.2833333333	1.0	0	1	35.0	7.75	0	1	1	1	0
348	1	31.2166666667	67.20606797	85.9666666667	1.0	0	0	45.0	7.75	0	1	1	1	0
349	3	47.87902275	66.69592392	58.0833333333	1.0	0	0	60.0	7.75	0	1	1	1	0
350	3	35.0562903167	68.52328677	72.2166666667	0.0	0	0	30.0	7.75	0	1	1	1	0
351	3	48.2056049667	67.06555236	74.5333333333	0.0	0	0	130.0	7.75	0	1	1	1	0
352	3	26.3727565167	42.94517164	65.5333333333	1.0	0	0	60.0	7.75	0	1	1	1	0
353	3	40.9683836667	66.60847718	53.6833333333	1.0	0	0	40.0	7.75	0	1	1	1	0
354	3	40.9683836667	66.60847718	53.6833333333	1.0	0	0	90.0	7.75	0	1	1	1	0
355	3	40.9683836667	66.60847718	53.6833333333	1.0	0	0	45.0	7.75	0	1	1	1	0
356	3	46.9126850167	68.04205471	65.05	1.0	0	1	60.0	7.75	0	1	1	1	0
357	3	29.3475862	68.65013682	96.0	0.0	0	0	35.0	7.75	0	1	1	1	0
358	3	46.3806163833	68.28061554	50.0166666667	1.0	0	0	60.0	7.75	0	1	1	1	0
359	3	47.2605788833	63.6171793	72.1833333333	0.0	0	0	30.0	7.75	0	1	1	1	0
360	3	49.6781623333	66.30087139	72.3333333333	1.0	1	1	60.0	7.75	0	1	1	1	0
361	3	47.87902275	66.69592392	58.0833333333	1.0	0	1	60.0	7.75	0	1	1	1	0
362	3	42.8038599667	66.83415588	70.3833333333	0.0	0	0	60.0	7.75	0	1	1	1	0
363	3	33.8378619667	68.44091579	73.0833333333	0.0	0	1	90.0	7.75	0	1	1	1	0
364	3	46.3806163833	68.28061554	50.0166666667	1.0	0	0	38.7	7.75	0	1	1	1	0
365	3	34.4916666667	55.31445207	95.3833333333	1.0	0	0	45.0	7.75	0	1	1	1	0
366	4	47.87902275	66.69592392	58.0833333333	1.0	1	0	60.0	7.75	0	1	1	1	1
367	4	47.87902275	66.69592392	58.0833333333	1.0	1	0	38.7	7.75	0	1	1	1	1
368	4	9.9796875	44.23811717	31.4666666667	1.0	0	1	30.0	7.75	0	1	1	1	1
369	4	36.4541666667	69.68431403	97.6666666667	0.0	0	1	30.0	7.75	0	1	1	1	1
370	4	36.4541666667	69.68431403	97.6666666667	0.0	0	1	38.7	7.75	0	1	1	1	1
371	4	36.4541666667	69.68431403	97.6666666667	1.0	0	0	55.0	7.75	0	1	1	1	1
372	4	35.0562903167	68.52328677	72.2166666667	1.0	0	0	60.0	7.75	0	1	1	1	1
373	4	28.7190476167	46.05232605	64.05	1.0	0	0	20.0	7.75	0	1	1	1	1
374	4	28.7190476167	46.05232605	64.05	0.0	0	0	55.0	7.75	0	1	1	1	1
375	4	47.49112175	67.82537809	60.8333333333	0.0	1	1	60.0	7.75	0	1	1	1	1
376	4	47.49112175	67.82537809	60.8333333333	0.0	0	0	60.0	7.75	0	1	1	1	1
377	4	40.1878643167	68.17891774	62.2333333333	1.0	0	1	67.0	7.75	0	1	1	1	1
378	4	40.1878643167	68.17891774	62.2333333333	1.0	0	0	80.0	7.75	0	1	1	1	1
379	4	48.2056049667	67.06555236	74.5333333333	1.0	1	0	38.7	7.75	0	1	1	1	1
380	4	48.2056049667	67.06555236	74.5333333333	0.0	0	0	38.7	7.75	0	1	1	1	1
381	4	16.1523809517	27.70877356	38.6166666667	0.0	0	0	15.0	7.75	0	1	1	1	1
382	4	16.1523809517	27.70877356	38.6166666667	0.0	0	1	8.0	7.75	0	1	1	1	1
383	4	16.1523809517	27.70877356	38.6166666667	1.0	0	0	25.0	7.75	0	1	1	1	1
384	4	16.1523809517	27.70877356	38.6166666667	0.0	1	0	7.0	7.75	0	1	1	1	1
385	4	16.1523809517	27.70877356	38.6166666667	1.0	0	0	20.0	7.75	0	1	1	1	1
386	4	16.1523809517	27.70877356	38.6166666667	1.0	0	0	20.0	7.75	0	1	1	1	1
387	4	45.33499255	63.90547715	72.5166666667	0.0	0	0	60.0	7.75	0	1	1	1	1
388	4	45.33499255	63.90547715	72.5166666667	1.0	0	1	38.7	7.75	0	1	1	1	1
389	4	26.3727565167	42.94517164	65.5333333333	0.0	0	0	10.0	7.75	0	1	1	1	1
390	4	26.3727565167	42.94517164	65.5333333333	1.0	0	1	30.0	7.75	0	1	1	1	1
391	4	40.9683836667	66.60847718	53.6833333333	1.0	1	0	40.0	7.75	0	1	1	1	1
392	4	40.9683836667	66.60847718	53.6833333333	0.0	1	0	40.0	7.75	0	1	1	1	1
393	4	37.9071900833	68.39660218	66.8333333333	0.0	0	0	60.0	7.75	0	1	1	1	1
394	4	37.9071900833	68.39660218	66.8333333333	1.0	1	1	38.7	7.75	0	1	1	1	1
395	4	37.9071900833	68.39660218	66.8333333333	1.0	0	0	38.7	7.75	0	1	1	1	1
396	4	37.9071900833	68.39660218	66.8333333333	1.0	0	0	38.7	7.75	0	1	1	1	1
397	4	37.9071900833	68.39660218	66.8333333333	1.0	1	1	30.0	7.75	0	1	1	1	1
398	4	37.9071900833	68.39660218	66.8333333333	1.0	0	0	35.0	7.75	0	1	1	1	1
399	4	43.8253634833	63.99179805	65.7333333333	1.0	0	1	35.0	7.75	0	1	1	1	1
400	4	11.3888888883	37.18657779	35.15	0.0	0	0	10.0	7.75	0	1	1	1	1
401	4	37.6085556333	60.25857119	55.1333333333	0.0	0	0	30.0	7.75	0	1	1	1	1
402	4	37.6085556333	60.25857119	55.1333333333	0.0	0	0	30.0	7.75	0	1	1	1	1
403	4	37.6085556333	60.25857119	55.1333333333	1.0	0	1	60.0	7.75	0	1	1	1	1
404	4	42.8038599667	66.83415588	70.3833333333	1.0	0	0	45.0	7.75	0	1	1	1	1
405	4	25.5992823	48.3684003	73.2166666667	1.0	0	1	30.0	7.75	0	1	1	1	1
406	4	25.5992823	48.3684003	73.2166666667	1.0	0	0	30.0	7.75	0	1	1	1	1
407	4	29.5083333333	65.62197309	92.75	1.0	0	0	45.0	7.75	0	1	1	1	1
408	4	38.3041666667	77.86252603	101.333333333	0.0	0	0	35.0	7.75	0	1	1	1	1
409	4	38.3041666667	77.86252603	101.333333333	0.0	0	0	45.0	7.75	0	1	1	1	1
410	4	38.3041666667	77.86252603	101.333333333	0.0	1	1	60.0	7.75	0	1	1	1	1
411	4	33.8378619667	68.44091579	73.0833333333	0.0	0	0	60.0	7.75	0	1	1	1	1
412	4	33.8378619667	68.44091579	73.0833333333	1.0	0	0	38.7	7.75	0	1	1	1	1
413	4	33.8378619667	68.44091579	73.0833333333	1.0	0	0	60.0	7.75	0	1	1	1	1
414	4	33.8378619667	68.44091579	73.0833333333	1.0	0	0	45.0	7.75	0	1	1	1	1
415	4	46.9126850167	68.04205471	65.05	1.0	0	0	60.0	7.75	0	1	1	1	1
416	4	46.9126850167	68.04205471	65.05	0.0	0	1	50.0	7.75	0	1	1	1	1
417	4	38.7035714333	68.93829116	81.0	1.0	0	1	40.0	7.75	0	1	1	1	1
418	4	29.3475862	68.65013682	96.0	0.0	0	0	15.0	7.75	0	1	1	1	1
419	4	29.3475862	68.65013682	96.0	0.0	0	1	30.0	7.75	0	1	1	1	1
420	4	39.87602955	68.49460435	74.75	1.0	0	0	15.0	7.75	0	1	1	1	1
421	4	39.87602955	68.49460435	74.75	0.0	0	0	79.2	7.75	0	1	1	1	1
422	4	39.87602955	68.49460435	74.75	1.0	0	0	79.2	7.75	0	1	1	1	1
423	4	39.87602955	68.49460435	74.75	1.0	0	0	60.0	7.75	0	1	1	1	1
424	4	28.7714285667	44.53693126	43.25	0.0	0	1	45.0	7.75	0	1	1	1	1
425	4	28.7714285667	44.53693126	43.25	1.0	1	0	45.0	7.75	0	1	1	1	1
426	4	37.2806983667	68.68188962	77.3833333333	0.0	1	0	35.0	7.75	0	1	1	1	1
427	4	37.2806983667	68.68188962	77.3833333333	0.0	0	1	60.0	7.75	0	1	1	1	1
428	4	37.2806983667	68.68188962	77.3833333333	1.0	0	0	38.7	7.75	0	1	1	1	1
429	4	46.3806163833	68.28061554	50.0166666667	0.0	0	0	25.0	7.75	0	1	1	1	1
430	4	46.3806163833	68.28061554	50.0166666667	0.0	0	0	30.0	7.75	0	1	1	1	1
431	4	46.3806163833	68.28061554	50.0166666667	1.0	0	0	45.0	7.75	0	1	1	1	1
432	4	46.3806163833	68.28061554	50.0166666667	1.0	0	0	38.7	7.75	0	1	1	1	1
433	4	46.3806163833	68.28061554	50.0166666667	1.0	0	0	38.7	7.75	0	1	1	1	1
434	4	38.8239700333	64.11250404	77.0833333333	0.0	0	0	30.0	7.75	0	1	1	1	1
435	4	38.8239700333	64.11250404	77.0833333333	0.0	0	0	35.0	7.75	0	1	1	1	1
436	4	38.8239700333	64.11250404	77.0833333333	0.0	0	0	35.0	7.75	0	1	1	1	1
437	4	14.2666666667	35.09196422	69.7166666667	0.0	0	0	50.0	7.75	0	1	1	1	1
438	4	45.6354267667	64.62069762	70.65	1.0	0	0	40.0	7.75	0	1	1	1	1
439	4	33.5847517667	52.9011677	66.5	1.0	0	1	15.0	7.75	0	1	1	1	1
440	4	33.5847517667	52.9011677	66.5	0.0	0	0	35.0	7.75	0	1	1	1	1
441	4	32.3137566167	47.06751005	75.9333333333	0.0	0	0	30.0	7.75	0	1	1	1	1
442	4	32.3137566167	47.06751005	75.9333333333	0.0	0	0	35.0	7.75	0	1	1	1	1
443	4	32.3137566167	47.06751005	75.9333333333	1.0	0	0	45.0	7.75	0	1	1	1	1
444	4	47.2605788833	63.6171793	72.1833333333	1.0	0	1	45.0	7.75	0	1	1	1	1
445	4	47.2605788833	63.6171793	72.1833333333	1.0	1	0	38.7	7.75	0	1	1	1	1
446	4	47.2605788833	63.6171793	72.1833333333	1.0	1	0	38.7	7.75	0	1	1	1	1
447	4	47.2605788833	63.6171793	72.1833333333	0.0	1	0	60.0	7.75	0	1	1	1	1
448	4	28.1725071167	44.50614743	60.3	0.0	0	0	30.0	7.75	0	1	1	1	1
449	4	28.1725071167	44.50614743	60.3	1.0	0	1	45.0	7.75	0	1	1	1	1
450	4	23.0123655833	37.59233862	50.5333333333	0.0	0	1	30.0	7.75	0	1	1	1	1
451	4	28.25	68.79214545	100.616666667	1.0	0	1	60.0	7.75	0	1	1	1	1
452	4	20.3724637667	54.88827995	54.2333333333	0.0	0	0	25.0	7.75	0	1	1	1	1
453	4	49.6781623333	66.30087139	72.3333333333	0.0	0	0	2.0	7.75	0	1	1	1	1
454	4	38.81	72.99604381	99.7666666667	0.0	1	0	30.0	7.75	0	1	1	1	1
455	4	39.7790153833	63.26119903	72.5833333333	0.0	1	0	70.0	7.75	0	1	1	1	1
456	4	39.7790153833	63.26119903	72.5833333333	0.0	1	0	35.0	7.75	0	1	1	1	1
457	4	32.3890625	68.12933854	83.8333333333	1.0	0	0	79.2	7.75	0	1	1	1	1
458	4	32.3890625	68.12933854	83.8333333333	1.0	0	0	38.7	7.75	0	1	1	1	1
459	4	16.5888888883	33.01023753	71.2833333333	0.0	0	0	15.0	7.75	0	1	1	1	1
460	4	16.5888888883	33.01023753	71.2833333333	0.0	0	0	15.0	7.75	0	1	1	1	1
461	4	16.5888888883	33.01023753	71.2833333333	0.0	1	0	30.0	7.75	0	1	1	1	1
462	4	16.5888888883	33.01023753	71.2833333333	0.0	1	0	20.0	7.75	0	1	1	1	1
463	4	37.0066666667	63.71749056	52.9833333333	1.0	0	0	15.0	7.75	0	1	1	1	1
464	4	37.0066666667	63.71749056	52.9833333333	0.0	0	0	20.0	7.75	0	1	1	1	1
465	4	25.85555555	40.04845634	67.3166666667	0.0	0	0	90.0	7.75	0	1	1	1	1
466	4	25.85555555	40.04845634	67.3166666667	0.0	0	0	20.0	7.75	0	1	1	1	1
467	4	25.85555555	40.04845634	67.3166666667	1.0	0	1	20.0	7.75	0	1	1	1	1
468	4	25.85555555	40.04845634	67.3166666667	0.0	0	1	40.0	7.75	0	1	1	1	1
469	4	25.85555555	40.04845634	67.3166666667	1.0	0	1	38.7	7.75	0	1	1	1	1
470	4	25.85555555	40.04845634	67.3166666667	1.0	0	0	38.7	7.75	0	1	1	1	1
471	4	36.6416666667	68.89495726	78.7	0.0	0	0	30.0	7.75	0	1	1	1	1
472	4	36.6416666667	68.89495726	78.7	0.0	0	1	38.7	7.75	0	1	1	1	1
473	4	36.6416666667	68.89495726	78.7	1.0	0	1	30.0	7.75	0	1	1	1	1
474	4	36.833021	68.28222352	69.7666666667	1.0	1	0	79.2	7.75	0	1	1	1	1
475	4	42.8333333333	68.24247048	67.8833333333	1.0	0	0	38.7	7.75	0	1	1	1	1
476	4	42.8333333333	68.24247048	67.8833333333	0.0	0	1	38.7	7.75	0	1	1	1	1
477	4	25.5583333333	52.88347112	43.8666666667	0.0	0	1	20.0	7.75	0	1	1	1	1
478	4	25.5583333333	52.88347112	43.8666666667	0.0	1	1	38.7	7.75	0	1	1	1	1
479	4	40.1282754333	65.82688167	78.9	1.0	0	1	35.0	7.75	0	1	1	1	1
480	4	40.1282754333	65.82688167	78.9	1.0	0	1	60.0	7.75	0	1	1	1	1
481	4	34.4666666667	57.78582513	78.9833333333	0.0	0	0	30.0	7.75	0	1	1	1	1
482	4	34.4666666667	57.78582513	78.9833333333	0.0	0	0	39.0	7.75	0	1	1	1	1
483	4	34.4666666667	57.78582513	78.9833333333	0.0	0	1	30.0	7.75	0	1	1	1	1
484	4	28.3826923	50.67282248	40.2166666667	0.0	0	1	45.0	7.75	0	1	1	1	1
485	4	32.89375	62.35217524	93.3666666667	0.0	0	1	30.0	7.75	0	1	1	1	1
486	4	32.89375	62.35217524	93.3666666667	0.0	0	1	30.0	7.75	0	1	1	1	1
487	4	29.6166666667	42.22931287	68.5	1.0	0	0	50.0	7.75	0	1	1	1	1
488	4	44.9954813333	68.31946108	54.6666666667	0.0	0	0	40.0	7.75	0	1	1	1	1
489	4	44.9954813333	68.31946108	54.6666666667	1.0	0	0	38.7	7.75	0	1	1	1	1
490	4	44.9954813333	68.31946108	54.6666666667	1.0	1	0	38.7	7.75	0	1	1	1	1
491	4	44.9954813333	68.31946108	54.6666666667	1.0	1	0	30.0	7.75	0	1	1	1	1
492	4	22.1833333333	68.79214545	109.45	0.0	0	0	45.0	7.75	0	1	1	1	1
493	4	22.1833333333	68.79214545	109.45	0.0	0	1	38.7	7.75	0	1	1	1	1
494	4	39.6539215667	68.62897643	83.6166666667	0.0	0	1	45.0	7.75	0	1	1	1	1
495	4	17.1084967333	29.05064175	38.3166666667	1.0	0	0	38.7	7.75	0	1	1	1	1
496	4	17.1084967333	29.05064175	38.3166666667	1.0	0	0	38.7	7.75	0	1	1	1	1
497	4	17.1084967333	29.05064175	38.3166666667	0.0	0	0	38.7	7.75	0	1	1	1	1
498	4	17.1084967333	29.05064175	38.3166666667	1.0	0	1	25.0	7.75	0	1	1	1	1
499	4	19.2156862667	39.23197631	42.4333333333	1.0	0	1	20.0	7.75	0	1	1	1	1
500	4	19.2156862667	39.23197631	42.4333333333	0.0	0	0	30.0	7.75	0	1	1	1	1
501	4	19.2156862667	39.23197631	42.4333333333	0.0	1	1	30.0	7.75	0	1	1	1	1
502	4	19.2156862667	39.23197631	42.4333333333	1.0	0	0	45.0	7.75	0	1	1	1	1
503	4	19.2156862667	39.23197631	42.4333333333	0.0	0	0	20.0	7.75	0	1	1	1	1
504	4	26.5972222167	65.31665318	90.9833333333	0.0	1	0	45.0	7.75	0	1	1	1	1
505	4	26.5972222167	65.31665318	90.9833333333	1.0	0	0	38.7	7.75	0	1	1	1	1
506	4	26.5972222167	65.31665318	90.9833333333	1.0	0	0	79.2	7.75	0	1	1	1	1
507	4	39.0902679333	60.05021508	76.7166666667	1.0	0	0	45.0	7.75	0	1	1	1	1
508	4	32.7888888833	77.91209095	93.5833333333	0.0	0	0	45.0	7.75	0	1	1	1	1
509	4	32.7888888833	77.91209095	93.5833333333	0.0	1	1	35.0	7.75	0	1	1	1	1
510	4	32.8931184833	60.0011298	53.9666666667	0.0	0	0	15.0	7.75	0	1	1	1	1
511	4	32.8931184833	60.0011298	53.9666666667	1.0	0	1	38.7	7.75	0	1	1	1	1
512	4	32.8931184833	60.0011298	53.9666666667	0.0	0	1	45.0	7.75	0	1	1	1	1
513	4	34.8809834	55.11776935	70.4166666667	1.0	0	1	40.0	7.75	0	1	1	1	1
514	4	13.8819779117	48.47012168	35.2666666667	1.0	0	1	35.0	7.75	0	1	1	1	1
515	4	38.7351851833	72.82606917	70.8166666667	0.0	0	0	40.0	7.75	0	1	1	1	1
516	4	15.1791666667	39.79964044	71.6166666667	0.0	0	0	15.0	7.75	0	1	1	1	1
517	4	29.14728225	51.41066824	55.2166666667	1.0	0	0	30.0	7.75	0	1	1	1	1
518	4	7.91004902	14.63331409	51.4833333333	0.0	0	0	15.0	7.75	0	1	1	1	1
519	4	7.91004902	14.63331409	51.4833333333	1.0	1	0	15.0	7.75	0	1	1	1	1
520	4	7.91004902	14.63331409	51.4833333333	1.0	0	0	90.0	7.75	0	1	1	1	1
521	4	43.9547619	68.48116097	93.7666666667	0.0	0	0	45.0	7.75	0	1	1	1	1
522	4	31.1833333333	52.93533586	71.7833333333	0.0	0	0	25.0	7.75	0	1	1	1	1
523	4	31.1833333333	52.93533586	71.7833333333	0.0	0	0	20.0	7.75	0	1	1	1	1
524	4	31.1833333333	52.93533586	71.7833333333	1.0	0	0	35.0	7.75	0	1	1	1	1
525	4	31.1833333333	52.93533586	71.7833333333	1.0	0	1	30.0	7.75	0	1	1	1	1
526	4	28.6845588167	48.72482496	69.8333333333	0.0	0	0	60.0	7.75	0	1	1	1	1
527	4	24.25	52.04316727	82.9	0.0	0	1	25.0	7.75	0	1	1	1	1
528	4	25.0066666667	45.24225847	48.1833333333	0.0	0	0	30.0	7.75	0	1	1	1	1
529	4	28.16401515	43.62150139	68.2166666667	1.0	1	0	45.0	7.75	0	1	1	1	1
530	4	28.16401515	43.62150139	68.2166666667	0.0	0	1	45.0	7.75	0	1	1	1	1
531	4	51.0	100.6128249	127.95	0.0	0	0	60.0	7.75	0	1	1	1	1
532	4	37.1980979333	54.92187102	51.0833333333	1.0	0	0	30.0	7.75	0	1	1	1	1
533	4	31.6650828	53.96259508	64.2166666667	0.0	1	0	120.0	7.75	0	1	1	1	1
534	4	14.4387096767	33.72320494	42.6666666667	0.0	0	0	15.0	7.75	0	1	1	1	1
535	4	14.4387096767	33.72320494	42.6666666667	1.0	0	0	60.0	7.75	0	1	1	1	1
536	4	14.4387096767	33.72320494	42.6666666667	1.0	0	0	38.7	7.75	0	1	1	1	1
537	4	20.6051282	50.6312533	51.6833333333	0.0	0	1	25.0	7.75	0	1	1	1	1
538	4	20.6051282	50.6312533	51.6833333333	0.0	0	1	20.0	7.75	0	1	1	1	1
539	4	29.5166666667	52.73707617	76.7833333333	0.0	0	1	60.0	7.75	0	1	1	1	1
540	4	29.5166666667	52.73707617	76.7833333333	0.0	0	0	25.0	7.75	0	1	1	1	1
541	4	40.0	69.22236897	97.2333333333	1.0	0	0	15.0	7.75	0	1	1	1	1
542	4	40.0	69.22236897	97.2333333333	0.0	0	0	20.0	7.75	0	1	1	1	1
543	4	17.8922155667	45.01886226	43.8833333333	1.0	0	1	10.0	7.75	0	1	1	1	1
544	4	30.5027777833	56.74456527	52.3833333333	0.0	0	0	20.0	7.75	0	1	1	1	1
545	4	30.5027777833	56.74456527	52.3833333333	0.0	0	0	38.7	7.75	0	1	1	1	1
546	4	18.2989006167	44.50074113	40.5666666667	0.0	1	1	6.0	7.75	0	1	1	1	1
547	4	27.4652777833	42.82409193	71.7166666667	1.0	0	0	20.0	7.75	0	1	1	1	1
548	4	27.4652777833	42.82409193	71.7166666667	1.0	1	1	45.0	7.75	0	1	1	1	1
549	4	27.6166666667	61.73806586	98.6833333333	0.0	0	1	30.0	7.75	0	1	1	1	1
550	4	42.6054248833	68.48165068	76.6	0.0	0	1	50.0	7.75	0	1	1	1	1
551	4	42.6054248833	68.48165068	76.6	1.0	0	0	79.2	7.75	0	1	1	1	1
552	4	12.8708333333	23.64246742	61.1833333333	0.0	1	0	10.0	7.75	0	1	1	1	1
553	4	12.8708333333	23.64246742	61.1833333333	0.0	0	1	25.0	7.75	0	1	1	1	1
554	4	12.8708333333	23.64246742	61.1833333333	1.0	0	0	38.7	7.75	0	1	1	1	1
555	4	12.8708333333	23.64246742	61.1833333333	1.0	0	1	38.7	7.75	0	1	1	1	1
556	4	26.10185185	49.48759994	73.55	0.0	0	0	60.0	7.75	0	1	1	1	1
557	4	26.10185185	49.48759994	73.55	0.0	0	1	40.0	7.75	0	1	1	1	1
558	4	37.34444445	71.13954012	88.0	1.0	0	0	60.0	7.75	0	1	1	1	1
559	4	30.5	70.57648261	90.55	0.0	0	1	65.0	7.75	0	1	1	1	1
560	4	30.5	70.57648261	90.55	0.0	0	1	30.0	7.75	0	1	1	1	1
561	4	65.85555555	57.62616	89.7333333333	0.0	0	1	30.0	7.75	0	1	1	1	1
562	4	65.85555555	57.62616	89.7333333333	1.0	0	0	25.0	7.75	0	1	1	1	1
563	4	22.6690476167	42.85213151	93.1166666667	0.0	0	0	20.0	7.75	0	1	1	1	1
564	4	22.6690476167	42.85213151	93.1166666667	0.0	0	1	30.0	7.75	0	1	1	1	1
565	4	22.6690476167	42.85213151	93.1166666667	0.0	0	0	38.7	7.75	0	1	1	1	1
566	4	22.6690476167	42.85213151	93.1166666667	0.0	0	1	38.7	7.75	0	1	1	1	1
567	4	29.4666116667	65.48658724	75.3666666667	0.0	0	0	30.0	7.75	0	1	1	1	1
568	4	16.385714285	25.7734758	999.99	0.0	0	0	20.0	7.75	0	1	1	1	1
569	4	16.385714285	25.7734758	999.99	1.0	0	0	25.0	7.75	0	1	1	1	1
570	4	34.4916666667	55.31445207	95.3833333333	0.0	0	0	40.0	7.75	0	1	1	1	1
571	4	26.0	43.41887098	80.2	0.0	0	0	25.0	7.75	0	1	1	1	1
572	4	26.0	43.41887098	80.2	0.0	0	0	34.0	7.75	0	1	1	1	1
573	4	26.4563909833	49.78716585	63.6	0.0	1	0	40.0	7.75	0	1	1	1	1
574	4	26.4563909833	49.78716585	63.6	1.0	0	1	45.0	7.75	0	1	1	1	1
575	4	10.9044600933	38.45657069	38.9666666667	1.0	0	1	15.0	7.75	0	1	1	1	1
576	4	9.25972222167	43.15320301	61.5666666667	0.0	1	0	15.0	7.75	0	1	1	1	1
577	4	42.6083333333	60.07268451	78.95	0.0	1	0	38.7	7.75	0	1	1	1	1
578	4	34.0837121167	68.67481177	83.1166666667	1.0	1	0	79.2	7.75	0	1	1	1	1
579	4	48.2035508667	67.36556618	60.45	1.0	0	0	60.0	7.75	0	1	1	1	1
580	4	39.0466666667	67.16177109	58.8666666667	0.0	0	0	60.0	7.75	0	1	1	1	1
581	4	48.3222222167	66.48043753	106.833333333	0.0	0	1	30.0	7.75	0	1	1	1	1
582	4	31.4354166667	66.58650646	81.5666666667	1.0	0	1	30.0	7.75	0	1	1	1	1
583	2	47.87902275	66.69592392	58.0833333333	0.0	0	0	60.0	7.75	0	1	1	1	0
584	2	35.0562903167	68.52328677	72.2166666667	0.0	0	1	90.0	7.75	0	1	1	1	0
585	2	35.0562903167	68.52328677	72.2166666667	0.0	0	0	45.0	7.75	0	1	1	1	0
586	2	47.49112175	67.82537809	60.8333333333	1.0	0	0	70.0	7.75	0	1	1	1	0
587	2	47.49112175	67.82537809	60.8333333333	0.0	0	1	45.0	7.75	0	1	1	1	0
588	2	47.1661189	63.96542118	63.7833333333	1.0	0	0	350.0	7.75	0	1	1	1	0
589	2	35.3366666667	61.66907149	55.0166666667	1.0	0	1	80.0	7.75	0	1	1	1	0
590	2	45.33499255	63.90547715	72.5166666667	1.0	0	1	55.0	7.75	0	1	1	1	0
591	2	45.33499255	63.90547715	72.5166666667	0.0	0	1	79.2	7.75	0	1	1	1	0
592	2	45.33499255	63.90547715	72.5166666667	0.0	1	0	45.0	7.75	0	1	1	1	0
593	2	40.9683836667	66.60847718	53.6833333333	0.0	1	0	30.0	7.75	0	1	1	1	0
594	2	40.9683836667	66.60847718	53.6833333333	0.0	1	1	38.7	7.75	0	1	1	1	0
595	2	37.9071900833	68.39660218	66.8333333333	1.0	0	0	60.0	7.75	0	1	1	1	0
596	2	37.9071900833	68.39660218	66.8333333333	0.0	1	0	80.0	7.75	0	1	1	1	0
597	2	37.9071900833	68.39660218	66.8333333333	0.0	0	1	38.7	7.75	0	1	1	1	0
598	2	37.6085556333	60.25857119	55.1333333333	1.0	0	1	38.7	7.75	0	1	1	1	0
599	2	33.8378619667	68.44091579	73.0833333333	1.0	0	1	80.0	7.75	0	1	1	1	0
600	2	46.9126850167	68.04205471	65.05	1.0	0	1	60.0	7.75	0	1	1	1	0
601	2	38.7035714333	68.93829116	81.0	0.0	0	0	100.0	7.75	0	1	1	1	0
602	2	29.3475862	68.65013682	96.0	0.0	0	0	80.0	7.75	0	1	1	1	0
603	2	28.7714285667	44.53693126	43.25	1.0	0	1	35.0	7.75	0	1	1	1	0
604	2	46.3806163833	68.28061554	50.0166666667	0.0	1	0	79.2	7.75	0	1	1	1	0
605	2	46.3806163833	68.28061554	50.0166666667	1.0	0	0	90.0	7.75	0	1	1	1	0
606	2	45.6354267667	64.62069762	70.65	1.0	1	0	90.0	7.75	0	1	1	1	0
607	2	23.0123655833	37.59233862	50.5333333333	1.0	1	1	25.0	7.75	0	1	1	1	0
608	2	49.6781623333	66.30087139	72.3333333333	1.0	0	0	70.0	7.75	0	1	1	1	0
609	2	39.741443	67.64752939	68.6166666667	0.0	0	0	70.0	7.75	0	1	1	1	0
610	2	39.741443	67.64752939	68.6166666667	0.0	0	0	90.0	7.75	0	1	1	1	0
611	2	39.741443	67.64752939	68.6166666667	0.0	1	1	70.0	7.75	0	1	1	1	0
612	2	36.833021	68.28222352	69.7666666667	0.0	0	0	120.0	7.75	0	1	1	1	0
613	2	36.833021	68.28222352	69.7666666667	0.0	0	0	5.0	7.75	0	1	1	1	0
614	2	25.5583333333	52.88347112	43.8666666667	0.0	0	0	30.0	7.75	0	1	1	1	0
615	2	39.6539215667	68.62897643	83.6166666667	0.0	0	0	60.0	7.75	0	1	1	1	0
616	2	32.8931184833	60.0011298	53.9666666667	1.0	0	0	30.0	7.75	0	1	1	1	0
617	2	34.8809834	55.11776935	70.4166666667	1.0	0	1	30.0	7.75	0	1	1	1	0
618	2	41.9825579333	68.26557765	66.6833333333	0.0	0	1	75.0	7.75	0	1	1	1	0
619	2	41.9825579333	68.26557765	66.6833333333	0.0	0	0	60.0	7.75	0	1	1	1	0
620	2	41.4445101167	66.09756196	56.4166666667	0.0	0	0	70.0	7.75	0	1	1	1	0
621	2	41.4445101167	66.09756196	56.4166666667	0.0	0	1	75.0	7.75	0	1	1	1	0
622	2	37.15	68.0876627	59.25	1.0	0	1	40.0	7.75	0	1	1	1	0
623	2	48.2035508667	67.36556618	60.45	0.0	0	1	90.0	7.75	0	1	1	1	0
624	3	47.87902275	66.69592392	58.0833333333	1.0	0	0	80.0	7.75	0	1	1	1	0
625	3	47.87902275	66.69592392	58.0833333333	1.0	0	0	90.0	7.75	0	1	1	1	0
626	3	33.2	68.79214545	96.25	0.0	0	1	100.0	7.75	0	1	1	1	0
627	3	37.9071900833	68.39660218	66.8333333333	1.0	0	0	60.0	7.75	0	1	1	1	0
628	3	33.8378619667	68.44091579	73.0833333333	1.0	1	1	45.0	7.75	0	1	1	1	0
629	3	25.85555555	40.04845634	67.3166666667	0.0	0	1	45.0	7.75	0	1	1	1	0
630	3	29.6166666667	42.22931287	68.5	1.0	0	0	38.7	7.75	0	1	1	1	0
631	3	47.87902275	66.69592392	58.0833333333	1.0	0	0	30.0	7.75	0	1	1	1	0
632	3	45.2344690667	68.21929938	75.1166666667	1.0	1	0	45.0	7.75	0	1	1	1	0
633	3	42.8038599667	66.83415588	70.3833333333	1.0	0	1	30.0	7.75	0	1	1	1	0
634	3	46.3806163833	68.28061554	50.0166666667	0.0	0	0	60.0	7.75	0	1	1	1	0
635	3	28.25	68.79214545	100.616666667	0.0	1	0	60.0	7.75	0	1	1	1	0
636	3	42.6054248833	68.48165068	76.6	1.0	0	0	45.0	7.75	0	1	1	1	0
637	3	47.87902275	66.69592392	58.0833333333	1.0	0	0	79.2	7.75	0	1	1	1	0
638	3	36.4541666667	69.68431403	97.6666666667	0.0	0	1	30.0	7.75	0	1	1	1	0
639	3	33.2	68.79214545	96.25	0.0	0	1	60.0	7.75	0	1	1	1	0
640	3	45.2344690667	68.21929938	75.1166666667	0.0	0	0	40.0	7.75	0	1	1	1	0
641	3	40.9683836667	66.60847718	53.6833333333	0.0	0	0	38.7	7.75	0	1	1	1	0
642	3	37.9071900833	68.39660218	66.8333333333	0.0	1	0	40.0	7.75	0	1	1	1	0
643	3	37.9071900833	68.39660218	66.8333333333	0.0	0	1	79.2	7.75	0	1	1	1	0
644	3	37.9071900833	68.39660218	66.8333333333	0.0	0	1	38.7	7.75	0	1	1	1	0
645	3	37.9071900833	68.39660218	66.8333333333	1.0	0	1	38.7	7.75	0	1	1	1	0
646	3	37.6085556333	60.25857119	55.1333333333	1.0	0	1	38.7	7.75	0	1	1	1	0
647	3	37.2806983667	68.68188962	77.3833333333	1.0	0	1	45.0	7.75	0	1	1	1	0
648	3	46.3806163833	68.28061554	50.0166666667	1.0	1	0	38.7	7.75	0	1	1	1	0
649	3	38.8239700333	64.11250404	77.0833333333	0.0	0	0	35.0	7.75	0	1	1	1	0
650	3	47.2605788833	63.6171793	72.1833333333	1.0	0	0	38.7	7.75	0	1	1	1	0
651	3	25.85555555	40.04845634	67.3166666667	0.0	0	1	38.7	7.75	0	1	1	1	0
652	3	25.85555555	40.04845634	67.3166666667	0.0	0	1	38.7	7.75	0	1	1	1	0
653	3	36.833021	68.28222352	69.7666666667	0.0	0	1	38.7	7.75	0	1	1	1	0
654	3	42.8333333333	68.24247048	67.8833333333	0.0	0	1	30.0	7.75	0	1	1	1	0
655	3	42.8333333333	68.24247048	67.8833333333	0.0	0	1	40.0	7.75	0	1	1	1	0
656	3	17.1084967333	29.05064175	38.3166666667	1.0	1	1	25.0	7.75	0	1	1	1	0
657	3	19.2156862667	39.23197631	42.4333333333	0.0	0	1	38.7	7.75	0	1	1	1	0
658	3	19.2156862667	39.23197631	42.4333333333	0.0	0	1	38.7	7.75	0	1	1	1	0
659	3	19.2156862667	39.23197631	42.4333333333	1.0	1	1	38.7	7.75	0	1	1	1	0
660	3	34.8809834	55.11776935	70.4166666667	0.0	0	1	40.0	7.75	0	1	1	1	0
661	3	38.7351851833	72.82606917	70.8166666667	0.0	1	1	40.0	7.75	0	1	1	1	0
662	3	28.16401515	43.62150139	68.2166666667	1.0	0	1	38.7	7.75	0	1	1	1	0
663	3	14.4387096767	33.72320494	42.6666666667	0.0	0	1	20.0	7.75	0	1	1	1	0
664	3	14.4387096767	33.72320494	42.6666666667	0.0	0	0	40.0	7.75	0	1	1	1	0
665	3	14.4387096767	33.72320494	42.6666666667	0.0	0	0	40.0	7.75	0	1	1	1	0
666	3	40.0	69.22236897	97.2333333333	0.0	0	1	25.0	7.75	0	1	1	1	0
667	3	17.8922155667	45.01886226	43.8833333333	1.0	0	1	38.7	7.75	0	1	1	1	0
668	3	12.8708333333	23.64246742	61.1833333333	0.0	0	1	10.0	7.75	0	1	1	1	0
669	3	12.8708333333	23.64246742	61.1833333333	0.0	0	0	20.0	7.75	0	1	1	1	0
670	3	26.10185185	49.48759994	73.55	0.0	0	0	38.7	7.75	0	1	1	1	0
671	3	26.10185185	49.48759994	73.55	1.0	0	1	38.7	7.75	0	1	1	1	0
672	3	41.4445101167	66.09756196	56.4166666667	0.0	1	0	38.7	7.75	0	1	1	1	0
673	3	22.6690476167	42.85213151	93.1166666667	0.0	0	1	38.7	7.75	0	1	1	1	0
674	3	34.4916666667	55.31445207	95.3833333333	0.0	0	0	60.0	7.75	0	1	1	1	0
675	2	47.87902275	66.69592392	58.0833333333	1.0	0	0	65.0	7.75	0	1	1	1	0
676	2	16.1523809517	27.70877356	38.6166666667	1.0	0	0	38.7	7.75	0	1	1	1	0
677	2	23.0123655833	37.59233862	50.5333333333	0.0	0	1	22.0	7.75	0	1	1	1	0
678	2	20.3724637667	54.88827995	54.2333333333	0.0	0	0	30.0	7.75	0	1	1	1	0
679	2	22.1833333333	68.79214545	109.45	1.0	0	1	240.0	7.75	0	1	1	1	0
680	2	28.16401515	43.62150139	68.2166666667	1.0	0	0	79.2	7.75	0	1	1	1	0
681	2	14.4387096767	33.72320494	42.6666666667	1.0	0	1	38.7	7.75	0	1	1	1	0
682	2	29.5166666667	52.73707617	76.7833333333	0.0	0	0	45.0	7.75	0	1	1	1	0
683	2	12.8708333333	23.64246742	61.1833333333	1.0	0	1	50.0	7.75	0	1	1	1	0
684	2	12.8708333333	23.64246742	61.1833333333	0.0	1	1	30.0	7.75	0	1	1	1	0
685	2	13.9722222217	30.76301617	37.1666666667	1.0	0	0	38.7	7.75	0	1	1	1	0
686	2	47.87902275	66.69592392	58.0833333333	1.0	0	0	180.0	7.75	0	1	1	1	0
687	2	47.49112175	67.82537809	60.8333333333	0.0	0	0	38.7	7.75	0	1	1	1	0
688	2	45.2344690667	68.21929938	75.1166666667	0.0	1	0	60.0	7.75	0	1	1	1	0
689	2	43.8253634833	63.99179805	65.7333333333	0.0	0	0	30.0	7.75	0	1	1	1	0
690	2	46.9126850167	68.04205471	65.05	0.0	1	0	60.0	7.75	0	1	1	1	0
691	2	29.3475862	68.65013682	96.0	1.0	0	0	79.2	7.75	0	1	1	1	0
692	2	28.7714285667	44.53693126	43.25	1.0	0	0	38.7	7.75	0	1	1	1	0
693	2	46.3806163833	68.28061554	50.0166666667	0.0	0	0	30.0	7.75	0	1	1	1	0
694	2	46.3806163833	68.28061554	50.0166666667	1.0	0	1	40.0	7.75	0	1	1	1	0
695	2	46.3806163833	68.28061554	50.0166666667	0.0	1	0	38.7	7.75	0	1	1	1	0
696	2	46.3806163833	68.28061554	50.0166666667	1.0	0	1	60.0	7.75	0	1	1	1	0
697	2	46.3806163833	68.28061554	50.0166666667	1.0	0	0	60.0	7.75	0	1	1	1	0
698	2	33.5847517667	52.9011677	66.5	0.0	0	0	60.0	7.75	0	1	1	1	0
699	2	39.7790153833	63.26119903	72.5833333333	1.0	0	0	115.0	7.75	0	1	1	1	0
700	2	36.833021	68.28222352	69.7666666667	1.0	0	0	60.0	7.75	0	1	1	1	0
701	2	44.9954813333	68.31946108	54.6666666667	1.0	1	0	30.0	7.75	0	1	1	1	0
702	2	44.9954813333	68.31946108	54.6666666667	0.0	1	0	40.0	7.75	0	1	1	1	0
703	2	32.8931184833	60.0011298	53.9666666667	1.0	0	1	70.0	7.75	0	1	1	1	0
704	2	34.8809834	55.11776935	70.4166666667	1.0	0	0	65.0	7.75	0	1	1	1	0
705	2	41.9825579333	68.26557765	66.6833333333	1.0	0	0	45.0	7.75	0	1	1	1	0
706	2	14.4387096767	33.72320494	42.6666666667	0.0	0	0	79.2	7.75	0	1	1	1	0
707	2	16.385714285	25.7734758	999.99	1.0	1	0	38.7	7.75	0	1	1	1	0
708	2	26.0	43.41887098	80.2	1.0	0	0	40.0	7.75	0	1	1	1	0
709	2	52.9083333333	67.20705927	81.7833333333	1.0	1	1	112.1	7.75	0	1	1	1	0
710	3	9.9796875	44.23811717	31.4666666667	0.0	0	1	15.0	7.75	0	1	1	1	0
711	3	16.1523809517	27.70877356	38.6166666667	0.0	0	1	14.0	7.75	0	1	1	1	0
712	3	37.2806983667	68.68188962	77.3833333333	1.0	0	0	60.0	7.75	0	1	1	1	0
713	3	23.0123655833	37.59233862	50.5333333333	1.0	1	1	33.0	7.75	0	1	1	1	0
714	3	32.7888888833	77.91209095	93.5833333333	0.0	0	0	30.0	7.75	0	1	1	1	0
715	3	32.7888888833	77.91209095	93.5833333333	1.0	0	0	60.0	7.75	0	1	1	1	0
716	3	36.4541666667	69.68431403	97.6666666667	0.0	0	1	30.0	7.75	0	1	1	1	0
717	2	36.4541666667	69.68431403	97.6666666667	0.0	0	0	60.0	7.75	0	1	1	1	0
718	2	28.25	68.79214545	100.616666667	0.0	1	0	65.0	7.75	0	1	1	1	0
719	2	35.0562903167	68.52328677	72.2166666667	0.0	0	1	120.0	7.75	0	1	1	1	0
720	2	47.49112175	67.82537809	60.8333333333	0.0	1	0	79.2	7.75	0	1	1	1	0
721	2	47.49112175	67.82537809	60.8333333333	1.0	1	0	45.0	7.75	0	1	1	1	0
722	2	47.1661189	63.96542118	63.7833333333	0.0	1	1	38.7	7.75	0	1	1	1	0
723	2	33.2	68.79214545	96.25	0.0	0	0	1.0	7.75	0	1	1	1	0
724	2	45.33499255	63.90547715	72.5166666667	1.0	0	1	38.7	7.75	0	1	1	1	0
725	2	37.9071900833	68.39660218	66.8333333333	1.0	0	0	60.0	7.75	0	1	1	1	0
726	2	37.6085556333	60.25857119	55.1333333333	1.0	0	1	90.0	7.75	0	1	1	1	0
727	2	42.8038599667	66.83415588	70.3833333333	0.0	0	0	45.0	7.75	0	1	1	1	0
728	2	42.8038599667	66.83415588	70.3833333333	1.0	0	1	80.0	7.75	0	1	1	1	0
729	2	42.8038599667	66.83415588	70.3833333333	0.0	0	1	79.2	7.75	0	1	1	1	0
730	2	29.5083333333	65.62197309	92.75	0.0	0	1	120.0	7.75	0	1	1	1	0
731	2	33.8378619667	68.44091579	73.0833333333	1.0	0	0	79.2	7.75	0	1	1	1	0
732	2	38.7035714333	68.93829116	81.0	0.0	1	0	90.0	7.75	0	1	1	1	0
733	2	39.87602955	68.49460435	74.75	0.0	0	0	80.0	7.75	0	1	1	1	0
734	2	28.7714285667	44.53693126	43.25	0.0	0	1	60.0	7.75	0	1	1	1	0
735	2	33.0192214167	52.32345148	64.75	1.0	0	1	70.0	7.75	0	1	1	1	0
736	2	46.3806163833	68.28061554	50.0166666667	0.0	1	0	180.0	7.75	0	1	1	1	0
737	2	46.3806163833	68.28061554	50.0166666667	1.0	0	1	60.0	7.75	0	1	1	1	0
738	2	46.3806163833	68.28061554	50.0166666667	1.0	1	1	60.0	7.75	0	1	1	1	0
739	2	46.3806163833	68.28061554	50.0166666667	1.0	0	0	38.7	7.75	0	1	1	1	0
740	2	46.3806163833	68.28061554	50.0166666667	1.0	0	1	90.0	7.75	0	1	1	1	0
741	2	38.8239700333	64.11250404	77.0833333333	0.0	0	1	90.0	7.75	0	1	1	1	0
742	2	45.6354267667	64.62069762	70.65	0.0	0	0	75.0	7.75	0	1	1	1	0
743	2	39.7790153833	63.26119903	72.5833333333	1.0	0	0	100.0	7.75	0	1	1	1	0
744	2	40.1282754333	65.82688167	78.9	1.0	0	1	90.0	7.75	0	1	1	1	0
745	2	39.6539215667	68.62897643	83.6166666667	1.0	0	1	120.0	7.75	0	1	1	1	0
746	2	37.7371631167	56.59656793	75.45	1.0	0	1	75.0	7.75	0	1	1	1	0
747	2	34.8809834	55.11776935	70.4166666667	0.0	0	0	75.0	7.75	0	1	1	1	0
748	2	13.8819779117	48.47012168	35.2666666667	0.0	0	1	15.0	7.75	0	1	1	1	0
749	2	38.7351851833	72.82606917	70.8166666667	0.0	0	0	120.0	7.75	0	1	1	1	0
750	2	17.0466666667	51.06772963	39.8333333333	0.0	0	0	100.0	7.75	0	1	1	1	0
751	2	41.9825579333	68.26557765	66.6833333333	1.0	0	1	60.0	7.75	0	1	1	1	0
752	2	41.9825579333	68.26557765	66.6833333333	0.0	0	0	115.0	7.75	0	1	1	1	0
753	2	37.1980979333	54.92187102	51.0833333333	1.0	0	1	90.0	7.75	0	1	1	1	0
754	2	42.6054248833	68.48165068	76.6	1.0	0	0	90.0	7.75	0	1	1	1	0
755	2	42.6054248833	68.48165068	76.6	1.0	0	1	79.2	7.75	0	1	1	1	0
756	2	42.6054248833	68.48165068	76.6	1.0	0	1	79.2	7.75	0	1	1	1	0
757	2	42.6054248833	68.48165068	76.6	1.0	0	1	50.0	7.75	0	1	1	1	0
758	2	27.5	49.26554909	56.2833333333	1.0	1	0	45.0	7.75	0	1	1	1	0
759	3	47.49112175	67.82537809	60.8333333333	0.0	1	0	30.0	7.75	0	1	1	1	0
760	3	47.49112175	67.82537809	60.8333333333	0.0	0	0	120.0	7.75	0	1	1	1	0
761	3	40.1878643167	68.17891774	62.2333333333	0.0	1	0	80.0	7.75	0	1	1	1	0
762	3	26.3727565167	42.94517164	65.5333333333	1.0	0	0	30.0	7.75	0	1	1	1	0
763	3	45.2344690667	68.21929938	75.1166666667	1.0	0	0	60.0	7.75	0	1	1	1	0
764	3	33.8378619667	68.44091579	73.0833333333	0.0	1	0	38.7	7.75	0	1	1	1	0
765	3	46.9126850167	68.04205471	65.05	1.0	0	0	60.0	7.75	0	1	1	1	0
766	3	29.3475862	68.65013682	96.0	1.0	0	0	38.7	7.75	0	1	1	1	0
767	3	28.7714285667	44.53693126	43.25	1.0	0	0	38.7	7.75	0	1	1	1	0
768	3	37.2806983667	68.68188962	77.3833333333	1.0	0	0	79.2	7.75	0	1	1	1	0
769	3	46.3806163833	68.28061554	50.0166666667	1.0	1	0	45.0	7.75	0	1	1	1	0
770	3	38.8239700333	64.11250404	77.0833333333	1.0	1	0	38.7	7.75	0	1	1	1	0
771	3	32.3890625	68.12933854	83.8333333333	1.0	1	0	79.2	7.75	0	1	1	1	0
772	3	37.1980979333	54.92187102	51.0833333333	1.0	0	0	38.7	7.75	0	1	1	1	0
773	3	47.49112175	67.82537809	60.8333333333	1.0	0	1	60.0	7.75	0	1	1	1	0
774	3	29.5083333333	65.62197309	92.75	1.0	0	0	60.0	7.75	0	1	1	1	0
775	3	29.5083333333	65.62197309	92.75	1.0	0	0	90.0	7.75	0	1	1	1	0
776	3	33.8378619667	68.44091579	73.0833333333	0.0	0	0	50.0	7.75	0	1	1	1	0
777	3	28.16401515	43.62150139	68.2166666667	1.0	0	0	40.0	7.75	0	1	1	1	0
778	3	38.9045977	68.50849737	79.6333333333	1.0	0	1	75.0	7.75	0	1	1	1	0
779	3	38.9045977	68.50849737	79.6333333333	1.0	0	0	35.0	7.75	0	1	1	1	0
780	3	40.1878643167	68.17891774	62.2333333333	0.0	1	0	60.0	7.75	0	1	1	1	0
781	4	40.1878643167	68.17891774	62.2333333333	0.0	0	1	60.0	7.75	0	1	1	1	1
782	4	37.6085556333	60.25857119	55.1333333333	1.0	0	0	10.0	7.75	0	1	1	1	1
783	4	46.9126850167	68.04205471	65.05	1.0	1	0	45.0	7.75	0	1	1	1	1
784	4	25.5583333333	52.88347112	43.8666666667	1.0	0	0	20.0	7.75	0	1	1	1	1
785	4	7.91004902	14.63331409	51.4833333333	1.0	0	1	30.0	7.75	0	1	1	1	1
786	4	7.91004902	14.63331409	51.4833333333	1.0	0	0	20.0	7.75	0	1	1	1	1
787	4	37.34444445	71.13954012	88.0	1.0	0	0	90.0	7.75	0	1	1	1	1
788	3	16.1523809517	27.70877356	38.6166666667	1.0	0	0	60.0	7.75	0	1	1	1	0
789	3	45.2344690667	68.21929938	75.1166666667	1.0	0	1	90.0	7.75	0	1	1	1	0
790	3	45.2344690667	68.21929938	75.1166666667	1.0	0	1	100.0	7.75	0	1	1	1	0
791	3	37.9071900833	68.39660218	66.8333333333	1.0	0	0	60.0	7.75	0	1	1	1	0
792	3	42.8038599667	66.83415588	70.3833333333	1.0	0	1	75.0	7.75	0	1	1	1	0
793	3	39.87602955	68.49460435	74.75	0.0	0	0	90.0	7.75	0	1	1	1	0
794	3	39.87602955	68.49460435	74.75	1.0	0	0	30.0	7.75	0	1	1	1	0
795	3	46.3806163833	68.28061554	50.0166666667	1.0	0	0	90.0	7.75	0	1	1	1	0
796	3	46.3806163833	68.28061554	50.0166666667	1.0	0	0	60.0	7.75	0	1	1	1	0
797	3	46.3806163833	68.28061554	50.0166666667	1.0	0	1	60.0	7.75	0	1	1	1	0
798	3	42.6054248833	68.48165068	76.6	1.0	0	0	90.0	7.75	0	1	1	1	0
799	3	26.3727565167	42.94517164	65.5333333333	1.0	0	0	40.0	7.75	0	1	1	1	0
800	3	26.3727565167	42.94517164	65.5333333333	1.0	0	1	45.0	7.75	0	1	1	1	0
801	3	26.3727565167	42.94517164	65.5333333333	1.0	0	0	30.0	7.75	0	1	1	1	0
802	3	26.3727565167	42.94517164	65.5333333333	0.0	1	0	45.0	7.75	0	1	1	1	0
803	3	26.3727565167	42.94517164	65.5333333333	1.0	0	0	25.0	7.75	0	1	1	1	0
804	3	26.3727565167	42.94517164	65.5333333333	1.0	0	1	30.0	7.75	0	1	1	1	0
805	4	26.3727565167	42.94517164	65.5333333333	1.0	1	1	60.0	7.75	0	1	1	1	1
806	1	45.2344690667	68.21929938	75.1166666667	1.0	1	1	38.7	7.75	0	1	1	1	0
807	3	37.9071900833	68.39660218	66.8333333333	1.0	0	0	60.0	7.75	0	1	1	1	0
808	3	42.8038599667	66.83415588	70.3833333333	0.0	0	0	90.0	7.75	0	1	1	1	0
809	3	14.125	23.34507789	42.4	0.0	0	1	15.0	7.75	0	1	1	1	0
810	3	46.9126850167	68.04205471	65.05	1.0	0	0	60.0	7.75	0	1	1	1	0
811	3	39.87602955	68.49460435	74.75	0.0	0	1	50.0	7.75	0	1	1	1	0
812	3	39.87602955	68.49460435	74.75	0.0	0	1	45.0	7.75	0	1	1	1	0
813	3	39.87602955	68.49460435	74.75	0.0	0	1	50.0	7.75	0	1	1	1	0
814	3	39.87602955	68.49460435	74.75	0.0	0	1	55.0	7.75	0	1	1	1	0
815	3	38.81	72.99604381	99.7666666667	0.0	1	0	34.0	7.75	0	1	1	1	0
816	3	29.3475862	68.65013682	96.0	1.0	0	0	38.7	7.75	0	1	1	1	0
817	3	42.6054248833	68.48165068	76.6	0.0	0	1	38.7	7.75	0	1	1	1	0
818	3	35.69301075	69.04770858	87.8833333333	1.0	0	0	38.7	7.75	0	1	1	1	0
819	2	46.3806163833	68.28061554	50.0166666667	1.0	1	0	15.0	7.75	0	1	1	1	0
820	3	46.3806163833	68.28061554	50.0166666667	1.0	0	1	60.0	7.75	0	1	1	1	0
821	3	38.9045977	68.50849737	79.6333333333	1.0	1	1	30.0	7.75	0	1	1	1	0
822	3	33.5847517667	52.9011677	66.5	0.0	0	1	30.0	7.75	0	1	1	1	0
823	3	23.0123655833	37.59233862	50.5333333333	0.0	0	1	20.0	7.75	0	1	1	1	0
824	3	39.7790153833	63.26119903	72.5833333333	1.0	0	1	38.7	7.75	0	1	1	1	0
825	3	22.6690476167	42.85213151	93.1166666667	1.0	0	0	50.0	7.75	0	1	1	1	0
826	3	38.9045977	68.50849737	79.6333333333	1.0	1	0	45.0	7.75	0	1	1	1	0
827	3	39.7790153833	63.26119903	72.5833333333	1.0	0	0	79.2	7.75	0	1	1	1	0
828	3	17.1084967333	29.05064175	38.3166666667	1.0	0	1	30.0	7.75	0	1	1	1	0
829	3	32.7888888833	77.91209095	93.5833333333	1.0	1	0	45.0	7.75	0	1	1	1	0
830	3	36.6416666667	68.89495726	78.7	0.0	0	1	30.0	7.75	0	1	1	1	0
831	3	25.5583333333	52.88347112	43.8666666667	0.0	0	1	40.0	7.75	0	1	1	1	0
832	3	40.1282754333	65.82688167	78.9	1.0	0	0	30.0	7.75	0	1	1	1	0
833	3	42.6054248833	68.48165068	76.6	1.0	1	0	40.0	7.75	0	1	1	1	0
834	3	26.5972222167	65.31665318	90.9833333333	1.0	1	0	38.7	7.75	0	1	1	1	0
835	4	12.8708333333	23.64246742	61.1833333333	1.0	0	0	50.0	7.75	0	1	1	1	1
836	4	22.6690476167	42.85213151	93.1166666667	1.0	0	0	45.0	7.75	0	1	1	1	1
837	3	19.2888888833	36.28152233	59.1166666667	1.0	0	0	15.0	7.75	0	1	1	1	0
